40,300,1082.00,728.00,20.00,74.00,1,1,1
41,300,1081.00,728.50,22.00,72.00,1,1,1
42,300,1081.00,728.00,22.00,74.00,1,1,1
43,300,1080.00,728.50,24.00,73.00,1,1,1
44,300,1081.00,728.50,22.00,73.00,1,1,1
45,300,1081.00,729.00,22.00,72.00,1,1,1
46,300,1080.00,729.00,24.00,74.00,1,1,1
47,300,1079.00,729.50,24.00,74.00,1,1,1
48,300,1079.00,730.00,24.00,74.00,1,1,1
49,300,1079.00,729.50,24.00,75.00,1,1,1
50,300,1080.00,729.00,24.00,76.00,1,1,1
51,300,1080.00,729.00,24.00,76.00,1,1,1
52,300,1080.00,729.00,24.00,77.00,1,1,1
53,300,1080.00,729.00,24.00,78.00,1,1,1
54,300,1080.00,728.50,24.00,78.00,1,1,1
55,300,1080.00,729.00,24.00,78.00,1,1,1
56,300,1081.00,728.00,24.00,80.00,1,1,1
57,300,1082.00,729.00,24.00,80.00,1,1,1
58,300,1082.00,729.00,24.00,80.00,1,1,1
59,300,1082.00,730.00,26.00,80.00,1,1,1
60,300,1084.00,729.50,24.00,81.00,1,1,1
61,300,1083.00,730.00,26.00,80.00,1,1,1
62,300,1084.00,730.50,24.00,81.00,1,1,1
63,300,1086.00,730.50,24.00,81.00,1,1,1
64,300,1086.00,731.00,24.00,80.00,1,1,1
65,300,1088.00,730.00,24.00,80.00,1,1,1
66,300,1086.00,729.00,26.00,84.00,1,1,1
67,300,1089.00,729.50,26.00,88.00,1,1,1
68,300,1090.00,729.50,24.00,86.00,1,1,1
69,300,1089.00,729.50,26.00,87.00,1,1,1
70,300,1090.00,730.00,24.00,86.00,1,1,1
71,300,1090.00,730.50,24.00,86.00,1,1,1
72,300,1090.00,731.00,24.00,84.00,1,1,1
73,300,1090.00,731.00,24.00,82.00,1,1,1
74,300,1088.00,731.00,24.00,82.00,1,1,1
75,300,1088.00,731.50,24.00,84.00,1,1,1
76,300,1088.00,731.50,26.00,87.00,1,1,1
77,300,1090.00,732.00,24.00,86.00,1,1,1
78,300,1090.00,731.00,24.00,86.00,1,1,1
79,300,1088.00,731.00,26.00,88.00,1,1,1
79,1036,1065.08,741.06,23.58,60.82,1,1,1
80,300,1086.00,731.00,28.00,86.00,1,1,1
80,1036,1065.52,740.17,23.58,61.27,1,1,1
81,300,1088.00,730.50,28.00,90.00,1,1,1
81,1036,1065.97,739.28,23.58,61.71,1,1,1
82,300,1088.00,729.50,28.00,91.00,1,1,1
82,1036,1066.41,738.39,23.58,62.16,1,1,1
83,300,1088.00,730.00,28.00,92.00,1,1,1
83,1036,1066.85,737.50,23.58,62.61,1,1,1
84,300,1088.00,729.00,28.00,94.00,1,1,1
84,1036,1067.29,736.61,23.58,63.05,1,1,1
85,300,1088.00,729.00,28.00,94.00,1,1,1
85,1036,1067.74,735.72,23.58,63.50,1,1,1
86,300,1088.00,729.00,28.00,94.00,1,1,1
86,1036,1068.18,734.83,23.58,63.94,1,1,1
87,300,1092.00,731.00,28.00,92.00,1,1,1
87,1036,1068.62,733.94,23.58,64.39,1,1,1
88,300,1098.00,731.00,24.00,90.00,1,1,1
88,1036,1069.07,733.05,23.58,64.84,1,1,1
89,300,1097.00,730.50,26.00,90.00,1,1,1
89,1036,1069.51,732.16,23.58,65.28,1,1,1
90,300,1097.00,730.00,26.00,90.00,1,1,1
90,1036,1069.95,731.27,23.58,65.73,1,1,1
91,300,1097.00,731.00,26.00,90.00,1,1,1
91,1036,1070.39,730.38,23.58,66.18,1,1,1
92,300,1097.00,731.00,26.00,90.00,1,1,1
92,1036,1070.84,729.49,23.58,66.62,1,1,1
93,300,1097.00,730.50,26.00,91.00,1,1,1
93,1036,1071.28,728.60,23.58,67.07,1,1,1
94,300,1096.00,731.00,28.00,92.00,1,1,1
94,1036,1071.28,728.60,23.58,69.23,1,1,1
95,300,1097.00,731.00,26.00,92.00,1,1,1
95,1036,1071.28,728.60,23.58,71.40,1,1,1
96,300,1097.00,730.00,26.00,92.00,1,1,1
96,1036,1071.31,728.77,23.58,71.40,1,1,1
97,300,1098.00,730.00,24.00,92.00,1,1,1
97,1036,1071.34,728.94,23.58,71.40,1,1,1
98,300,1098.00,731.00,26.00,94.00,1,1,1
98,1036,1071.36,729.11,23.58,71.40,1,1,1
99,300,1096.00,731.00,28.00,96.00,1,1,1
99,1036,1071.39,729.28,23.58,71.40,1,1,1
100,300,1096.00,732.00,28.00,95.00,1,1,1
100,1036,1071.42,729.45,23.58,71.40,1,1,1
101,300,1097.00,732.00,26.00,94.00,1,1,1
101,1036,1071.45,729.62,23.58,71.40,1,1,1
102,300,1097.00,732.00,26.00,94.00,1,1,1
102,1036,1071.48,729.79,23.58,71.40,1,1,1
103,300,1097.00,732.00,26.00,95.00,1,1,1
103,1036,1071.51,729.95,23.58,71.40,1,1,1
104,300,1097.00,733.00,26.00,94.00,1,1,1
104,1036,1071.53,730.12,23.58,71.40,1,1,1
105,300,1097.00,733.00,26.00,94.00,1,1,1
105,1036,1071.56,730.29,23.58,71.40,1,1,1
106,300,1097.00,733.00,26.00,94.00,1,1,1
106,1036,1071.59,730.46,23.58,71.40,1,1,1
107,300,1096.00,732.50,28.00,94.00,1,1,1
107,1036,1071.62,730.63,23.58,71.40,1,1,1
108,300,1096.00,733.00,28.00,94.00,1,1,1
108,1036,1071.65,730.80,23.58,71.40,1,1,1
109,300,1096.00,733.00,28.00,94.00,1,1,1
109,1036,1071.67,730.97,23.58,71.40,1,1,1
110,300,1097.00,734.00,28.00,92.00,1,1,1
110,1036,1071.70,731.14,23.58,71.40,1,1,1
111,300,1096.00,734.00,28.00,92.00,1,1,1
111,1036,1071.73,731.31,23.58,71.40,1,1,1
112,300,1098.00,734.50,28.00,91.00,1,1,1
112,1036,1071.76,731.48,23.58,71.40,1,1,1
113,300,1098.00,734.50,28.00,91.00,1,1,1
113,1036,1071.79,731.65,23.58,71.40,1,1,1
114,300,1099.00,735.00,26.00,90.00,1,1,1
114,1036,1071.82,731.82,23.58,71.40,1,1,1
115,300,1098.00,735.00,28.00,88.00,1,1,1
115,1036,1071.84,731.99,23.58,71.40,1,1,1
116,300,1098.00,735.00,28.00,90.00,1,1,1
116,1036,1071.87,732.16,23.58,71.40,1,1,1
117,300,1098.00,735.00,28.00,90.00,1,1,1
117,1036,1071.90,732.33,23.58,71.40,1,1,1
118,300,1098.00,735.00,28.00,92.00,1,1,1
118,1036,1071.93,732.49,23.58,71.40,1,1,1
119,300,1098.00,734.00,28.00,92.00,1,1,1
119,1036,1071.96,732.66,23.58,71.40,1,1,1
120,300,1098.00,734.00,28.00,94.00,1,1,1
120,1036,1071.98,732.83,23.58,71.40,1,1,1
121,300,1098.00,734.00,28.00,94.00,1,1,1
121,1036,1072.01,733.00,23.58,71.40,1,1,1
122,300,1098.00,734.00,28.00,95.00,1,1,1
122,1036,1072.04,733.17,23.58,71.40,1,1,1
123,300,1099.00,733.00,28.00,96.00,1,1,1
123,1036,1072.07,733.34,23.58,71.40,1,1,1
124,300,1099.00,734.00,28.00,96.00,1,1,1
124,1036,1072.10,733.51,23.58,71.40,1,1,1
125,300,1099.00,734.00,28.00,96.00,1,1,1
125,1036,1072.13,733.68,23.58,71.40,1,1,1
126,300,1098.00,734.50,28.00,95.00,1,1,1
126,1036,1072.15,733.85,23.58,71.40,1,1,1
127,300,1097.00,735.00,28.00,94.00,1,1,1
127,1036,1072.18,734.02,23.58,71.40,1,1,1
128,300,1097.00,735.00,28.00,94.00,1,1,1
128,1036,1072.21,734.19,23.58,71.40,1,1,1
129,300,1097.00,735.00,28.00,93.00,1,1,1
129,1036,1072.24,734.36,23.58,71.40,1,1,1
130,300,1097.00,735.00,28.00,92.00,1,1,1
130,1036,1072.27,734.53,23.58,71.40,1,1,1
131,300,1097.00,735.00,28.00,92.00,1,1,1
131,1036,1072.29,734.70,23.58,71.40,1,1,1
132,300,1098.00,735.00,28.00,90.00,1,1,1
132,1036,1072.32,734.86,23.58,71.40,1,1,1
133,300,1098.00,735.00,28.00,90.00,1,1,1
133,1036,1072.35,735.03,23.58,71.40,1,1,1
134,300,1099.00,736.00,28.00,90.00,1,1,1
134,1036,1072.38,735.20,23.58,71.40,1,1,1
135,300,1100.00,736.00,28.00,90.00,1,1,1
135,1036,1072.41,735.37,23.58,71.40,1,1,1
136,300,1102.00,736.00,28.00,90.00,1,1,1
136,1036,1072.44,735.54,23.58,71.40,1,1,1
137,300,1102.00,736.00,28.00,90.00,1,1,1
137,1036,1072.46,735.71,23.58,71.40,1,1,1
138,300,1102.00,737.00,28.00,89.00,1,1,1
138,1036,1072.49,735.88,23.58,71.40,1,1,1
139,300,1104.00,737.00,28.00,90.00,1,1,1
139,1036,1072.52,736.05,23.58,71.40,1,1,1
140,300,1106.00,737.00,28.00,92.00,1,1,1
140,1036,1072.45,735.98,23.69,71.83,1,1,1
141,300,1106.00,737.00,28.00,92.00,1,1,1
141,1036,1072.39,735.92,23.81,72.27,1,1,1
142,300,1106.00,736.50,28.00,92.00,1,1,1
142,1036,1072.32,735.85,23.92,72.70,1,1,1
143,300,1106.00,736.00,28.00,92.00,1,1,1
143,1036,1072.26,735.79,24.03,73.13,1,1,1
144,300,1106.00,736.00,28.00,92.00,1,1,1
144,1036,1072.19,735.72,24.14,73.56,1,1,1
145,300,1108.00,736.00,28.00,93.00,1,1,1
145,1036,1072.13,735.65,24.26,74.00,1,1,1
146,300,1108.00,737.00,28.00,92.00,1,1,1
146,1036,1072.06,735.59,24.37,74.43,1,1,1
147,300,1108.00,737.00,28.00,93.00,1,1,1
147,1036,1071.99,735.52,24.48,74.86,1,1,1
148,300,1110.00,737.00,28.00,94.00,1,1,1
148,1036,1071.93,735.46,24.59,75.29,1,1,1
149,300,1111.00,737.00,26.00,94.00,1,1,1
149,1036,1071.86,735.39,24.71,75.73,1,1,1
150,300,1111.00,738.00,26.00,94.00,1,1,1
150,1036,1071.80,735.32,24.82,76.16,1,1,1
151,300,1110.00,738.00,28.00,98.00,1,1,1
151,1036,1071.73,735.26,24.93,76.59,1,1,1
152,300,1112.00,739.00,26.00,98.00,1,1,1
152,1036,1071.67,735.19,25.05,77.02,1,1,1
153,300,1110.00,739.00,28.00,100.00,1,1,1
153,1036,1071.60,735.13,25.16,77.46,1,1,1
154,300,1110.00,738.00,28.00,100.00,1,1,1
154,1036,1071.53,735.06,25.27,77.89,1,1,1
155,300,1110.00,738.00,28.00,100.00,1,1,1
155,1036,1071.47,735.00,25.38,78.32,1,1,1
156,300,1112.00,739.00,28.00,102.00,1,1,1
156,1036,1071.40,734.93,25.50,78.75,1,1,1
157,300,1112.00,738.00,28.00,104.00,1,1,1
157,1036,1071.34,734.86,25.61,79.19,1,1,1
158,300,1112.00,738.00,28.00,104.00,1,1,1
158,1036,1071.27,734.80,25.72,79.62,1,1,1
159,300,1114.00,738.50,28.00,104.00,1,1,1
159,1036,1071.20,734.73,25.83,80.05,1,1,1
160,300,1114.00,739.50,28.00,102.00,1,1,1
160,1036,1071.14,734.67,25.95,80.48,1,1,1
161,300,1114.00,739.00,28.00,104.00,1,1,1
161,1036,1071.07,734.60,26.06,80.92,1,1,1
162,300,1116.00,740.50,28.00,102.00,1,1,1
162,1036,1071.01,734.53,26.17,81.35,1,1,1
163,300,1116.00,741.50,28.00,101.00,1,1,1
163,1036,1070.94,734.47,26.29,81.78,1,1,1
164,300,1117.00,742.00,28.00,100.00,1,1,1
164,1036,1070.88,734.40,26.40,82.21,1,1,1
165,300,1117.00,741.00,28.00,100.00,1,1,1
165,1036,1070.81,734.34,26.51,82.65,1,1,1
166,300,1119.00,742.00,28.00,100.00,1,1,1
166,1036,1070.74,734.27,26.62,83.08,1,1,1
167,300,1119.00,741.50,28.00,100.00,1,1,1
167,1036,1070.68,734.20,26.74,83.51,1,1,1
168,300,1119.00,742.00,28.00,98.00,1,1,1
168,1036,1070.61,734.14,26.85,83.94,1,1,1
169,300,1119.00,740.00,28.00,100.00,1,1,1
169,1036,1070.55,734.07,26.96,84.38,1,1,1
170,300,1119.00,739.00,28.00,102.00,1,1,1
170,1036,1070.48,734.01,27.07,84.81,1,1,1
171,300,1118.00,739.00,28.00,102.00,1,1,1
171,1036,1070.42,733.94,27.19,85.24,1,1,1
172,300,1118.00,740.00,28.00,104.00,1,1,1
172,1036,1070.35,733.88,27.30,85.67,1,1,1
173,300,1118.00,740.00,28.00,104.00,1,1,1
173,1036,1070.28,733.81,27.41,86.11,1,1,1
174,300,1119.00,740.00,28.00,106.00,1,1,1
174,1036,1070.22,733.74,27.53,86.54,1,1,1
175,300,1118.00,740.50,28.00,104.00,1,1,1
175,1036,1070.15,733.68,27.64,86.97,1,1,1
176,300,1118.00,741.00,28.00,102.00,1,1,1
176,1036,1070.09,733.61,27.75,87.41,1,1,1
177,300,1117.00,742.00,28.00,100.00,1,1,1
177,1036,1070.02,733.55,27.86,87.84,1,1,1
178,300,1117.00,741.00,28.00,100.00,1,1,1
178,1036,1069.96,733.48,27.98,88.27,1,1,1
179,300,1116.00,741.00,28.00,100.00,1,1,1
179,1036,1069.89,733.41,28.09,88.70,1,1,1
180,300,1116.00,741.00,28.00,100.00,1,1,1
180,1036,1069.82,733.35,28.20,89.14,1,1,1
181,300,1116.00,740.00,28.00,100.00,1,1,1
181,1036,1069.76,733.28,28.31,89.57,1,1,1
182,300,1116.00,740.00,28.00,100.00,1,1,1
182,1036,1069.69,733.22,28.43,90.00,1,1,1
183,300,1116.00,740.00,28.00,100.00,1,1,1
183,1036,1069.63,733.15,28.54,90.43,1,1,1
184,300,1118.00,739.00,28.00,100.00,1,1,1
184,1036,1069.56,733.08,28.65,90.87,1,1,1
185,300,1119.00,740.00,28.00,99.00,1,1,1
185,1036,1069.50,733.02,28.77,91.30,1,1,1
186,300,1120.00,741.00,28.00,98.00,1,1,1
186,1036,1069.43,732.95,28.88,91.73,1,1,1
187,300,1121.00,741.00,28.00,98.00,1,1,1
187,1036,1069.36,732.89,28.99,92.16,1,1,1
188,300,1122.00,742.00,28.00,98.00,1,1,1
188,1036,1069.30,732.82,29.10,92.60,1,1,1
189,300,1124.00,742.00,28.00,98.00,1,1,1
189,1036,1069.23,732.75,29.22,93.03,1,1,1
190,300,1125.00,742.00,28.00,97.00,1,1,1
190,1036,1069.17,732.69,29.33,93.46,1,1,1
191,300,1127.00,743.00,28.00,96.00,1,1,1
191,1036,1069.10,732.62,29.44,93.89,1,1,1
192,300,1127.00,742.00,28.00,98.00,1,1,1
192,1036,1069.03,732.56,29.55,94.33,1,1,1
193,300,1127.00,742.00,28.00,98.00,1,1,1
193,1036,1068.97,732.49,29.67,94.76,1,1,1
194,300,1128.00,742.00,28.00,98.00,1,1,1
194,1036,1068.90,732.43,29.78,95.19,1,1,1
195,300,1128.00,742.00,28.00,98.00,1,1,1
195,1036,1068.84,732.36,29.89,95.62,1,1,1
196,300,1128.00,742.00,28.00,98.00,1,1,1
196,1036,1068.77,732.29,30.01,96.06,1,1,1
197,300,1128.00,742.00,28.00,98.00,1,1,1
197,1036,1068.71,732.23,30.12,96.49,1,1,1
198,300,1128.00,742.50,28.00,103.00,1,1,1
198,1036,1068.64,732.16,30.23,96.92,1,1,1
199,300,1128.00,743.00,28.00,104.00,1,1,1
199,1036,1068.57,732.10,30.34,97.35,1,1,1
200,300,1126.00,744.50,28.00,103.00,1,1,1
200,1036,1068.51,732.03,30.46,97.79,1,1,1
201,300,1126.00,746.00,28.00,100.00,1,1,1
201,1036,1068.44,731.96,30.57,98.22,1,1,1
202,300,1126.00,745.50,28.00,101.00,1,1,1
202,1036,1068.38,731.90,30.68,98.65,1,1,1
203,300,1126.00,745.00,28.00,102.00,1,1,1
203,1036,1068.31,731.83,30.79,99.08,1,1,1
204,300,1126.00,746.00,28.00,104.00,1,1,1
204,1036,1068.25,731.77,30.91,99.52,1,1,1
205,300,1126.00,746.00,28.00,104.00,1,1,1
205,1036,1068.18,731.70,31.02,99.95,1,1,1
206,300,1126.00,745.00,28.00,104.00,1,1,1
206,1036,1068.39,731.82,31.23,100.37,1,1,1
207,300,1126.00,745.50,28.00,103.00,1,1,1
207,1036,1068.60,731.94,31.44,100.78,1,1,1
208,300,1127.00,745.50,28.00,102.00,1,1,1
208,1036,1068.81,732.06,31.65,101.20,1,1,1
209,300,1128.00,745.00,28.00,104.00,1,1,1
209,1036,1069.02,732.18,31.86,101.61,1,1,1
210,300,1128.00,745.00,28.00,102.00,1,1,1
210,1036,1069.23,732.30,32.07,102.03,1,1,1
211,300,1130.00,745.00,30.00,105.00,1,1,1
211,1036,1069.44,732.42,32.28,102.44,1,1,1
212,300,1132.00,745.50,28.00,106.00,1,1,1
212,1036,1069.65,732.54,32.49,102.86,1,1,1
213,300,1136.00,746.00,28.00,105.00,1,1,1
213,1036,1069.86,732.66,32.70,103.27,1,1,1
214,300,1137.00,746.00,30.00,108.00,1,1,1
214,1036,1070.07,732.78,32.91,103.69,1,1,1
215,300,1137.00,747.00,30.00,106.00,1,1,1
215,1036,1070.28,732.90,33.12,104.10,1,1,1
216,300,1138.00,746.50,28.00,105.00,1,1,1
216,1036,1070.49,733.02,33.33,104.52,1,1,1
217,300,1138.00,746.00,30.00,104.00,1,1,1
217,1036,1070.70,733.14,33.55,104.93,1,1,1
218,300,1140.00,746.00,28.00,104.00,1,1,1
218,1036,1070.91,733.26,33.76,105.35,1,1,1
219,300,1138.00,746.00,30.00,104.00,1,1,1
219,1036,1071.12,733.38,33.97,105.76,1,1,1
220,300,1140.00,744.50,28.00,105.00,1,1,1
220,1036,1071.33,733.50,34.18,106.18,1,1,1
221,300,1140.00,745.00,28.00,104.00,1,1,1
221,1036,1071.54,733.62,34.39,106.59,1,1,1
222,300,1140.00,745.00,28.00,104.00,1,1,1
222,1036,1071.75,733.74,34.60,107.01,1,1,1
223,300,1140.00,744.00,28.00,106.00,1,1,1
223,1036,1071.96,733.86,34.81,107.43,1,1,1
224,300,1142.00,746.00,28.00,106.00,1,1,1
224,1036,1072.17,733.98,35.02,107.84,1,1,1
225,300,1142.00,746.00,28.00,105.00,1,1,1
225,1036,1072.38,734.10,35.23,108.26,1,1,1
226,300,1140.00,745.50,28.00,104.00,1,1,1
226,1036,1072.59,734.22,35.44,108.67,1,1,1
227,300,1140.00,747.00,28.00,102.00,1,1,1
227,1036,1072.80,734.34,35.65,109.09,1,1,1
228,300,1138.00,747.50,28.00,102.00,1,1,1
228,1036,1073.01,734.46,35.86,109.50,1,1,1
229,300,1136.00,747.50,28.00,102.00,1,1,1
229,1036,1073.22,734.58,36.07,109.92,1,1,1
230,300,1136.00,746.00,28.00,104.00,1,1,1
230,1036,1073.43,734.70,36.28,110.33,1,1,1
231,300,1137.00,746.00,28.00,105.00,1,1,1
231,1036,1073.64,734.82,36.49,110.75,1,1,1
232,300,1138.00,746.00,28.00,106.00,1,1,1
232,1036,1073.85,734.94,36.70,111.16,1,1,1
233,300,1137.00,746.00,30.00,108.00,1,1,1
233,1036,1074.06,735.06,36.91,111.58,1,1,1
234,300,1138.00,745.00,30.00,111.00,1,1,1
234,1036,1074.27,735.18,37.12,111.99,1,1,1
235,300,1142.00,745.00,32.00,118.00,1,1,1
235,1036,1074.48,735.30,37.33,112.41,1,1,1
236,300,1140.00,745.00,32.00,116.00,1,1,1
236,1036,1074.69,735.42,37.54,112.82,1,1,1
237,300,1140.00,746.00,32.00,114.00,1,1,1
237,1036,1074.90,735.54,37.75,113.24,1,1,1
238,300,1138.00,745.00,32.00,116.00,1,1,1
238,1036,1075.11,735.66,37.96,113.65,1,1,1
239,300,1138.00,745.00,32.00,116.00,1,1,1
239,1036,1075.33,735.79,38.18,114.07,1,1,1
240,300,1138.00,746.00,32.00,115.00,1,1,1
240,1036,1075.54,735.91,38.39,114.49,1,1,1
241,300,1139.00,746.00,32.00,115.00,1,1,1
241,1036,1075.75,736.03,38.60,114.90,1,1,1
242,300,1140.00,747.00,32.00,114.00,1,1,1
242,1036,1075.96,736.15,38.81,115.32,1,1,1
243,300,1140.00,747.50,32.00,113.00,1,1,1
243,1036,1076.17,736.27,39.02,115.73,1,1,1
244,300,1140.00,747.00,32.00,114.00,1,1,1
244,1036,1076.38,736.39,39.23,116.15,1,1,1
245,300,1140.00,747.00,32.00,115.00,1,1,1
245,1036,1076.59,736.51,39.44,116.56,1,1,1
246,300,1141.00,747.00,32.00,116.00,1,1,1
246,1036,1076.80,736.63,39.65,116.98,1,1,1
247,300,1140.00,747.00,32.00,117.00,1,1,1
247,1036,1077.01,736.75,39.86,117.39,1,1,1
248,300,1141.00,747.00,32.00,118.00,1,1,1
248,1036,1077.22,736.87,40.07,117.81,1,1,1
249,300,1142.00,748.00,32.00,118.00,1,1,1
249,1036,1077.43,736.99,40.28,118.22,1,1,1
250,300,1137.00,751.00,32.00,116.00,1,1,1
250,1036,1077.64,737.11,40.49,118.64,1,1,1
251,300,1137.00,753.00,32.00,112.00,1,1,1
251,1036,1077.85,737.23,40.70,119.05,1,1,1
252,300,1136.00,754.00,32.00,112.00,1,1,1
252,1036,1078.06,737.35,40.91,119.47,1,1,1
253,300,1136.00,754.00,32.00,112.00,1,1,1
253,1036,1078.06,737.35,40.91,119.47,1,1,1
254,300,1136.00,754.50,32.00,114.00,1,1,1
254,1036,1078.27,737.47,41.12,119.88,1,1,1
255,300,1136.00,754.00,32.00,114.00,1,1,1
255,1036,1078.48,737.59,41.33,120.30,1,1,1
256,300,1136.00,756.00,32.00,113.00,1,1,1
256,1036,1078.69,737.71,41.54,120.71,1,1,1
257,300,1138.00,754.50,32.00,115.00,1,1,1
257,1036,1078.90,737.83,41.75,121.13,1,1,1
258,300,1136.00,757.00,32.00,114.00,1,1,1
258,1036,1079.11,737.95,41.96,121.55,1,1,1
259,300,1136.00,757.00,32.00,114.00,1,1,1
259,1036,1079.32,738.07,42.17,121.96,1,1,1
260,300,1137.71,757.14,32.57,114.29,1,1,1
260,1036,1079.53,738.19,42.38,122.38,1,1,1
261,300,1139.43,757.29,33.14,114.57,1,1,1
261,1036,1079.74,738.31,42.59,122.79,1,1,1
262,300,1141.14,757.43,33.71,114.86,1,1,1
262,1036,1079.95,738.43,42.80,123.21,1,1,1
263,300,1142.86,757.57,34.29,115.14,1,1,1
263,1036,1080.16,738.55,43.02,123.62,1,1,1
264,300,1144.57,757.71,34.86,115.43,1,1,1
264,1036,1080.37,738.67,43.23,124.04,1,1,1
265,300,1146.29,757.86,35.43,115.71,1,1,1
265,1036,1080.58,738.79,43.44,124.45,1,1,1
266,300,1148.00,758.00,36.00,116.00,1,1,1
266,1036,1080.79,738.91,43.65,124.87,1,1,1
267,300,1148.00,758.00,36.00,116.00,1,1,1
267,1036,1081.00,739.03,43.86,125.28,1,1,1
268,300,1147.17,757.17,35.67,117.17,1,1,1
268,1036,1081.21,739.15,44.07,125.70,1,1,1
269,300,1146.33,756.33,35.33,118.33,1,1,1
269,1036,1081.42,739.27,44.28,126.11,1,1,1
270,300,1145.50,755.50,35.00,119.50,1,1,1
270,1036,1081.63,739.39,44.49,126.53,1,1,1
271,300,1144.67,754.67,34.67,120.67,1,1,1
271,1036,1081.84,739.51,44.70,126.94,1,1,1
272,300,1143.83,753.83,34.33,121.83,1,1,1
272,1036,1082.05,739.63,44.91,127.36,1,1,1
273,300,1143.00,753.00,34.00,123.00,1,1,1
273,1036,1082.26,739.75,45.12,127.77,1,1,1
274,300,1139.00,754.50,36.00,122.00,1,1,1
274,1036,1082.47,739.87,45.33,128.19,1,1,1
275,300,1140.00,754.00,36.00,122.00,1,1,1
275,1036,1082.68,739.99,45.54,128.61,1,1,1
276,300,1140.00,754.00,36.00,122.00,1,1,1
276,1036,1082.89,740.11,45.75,129.02,1,1,1
277,300,1144.00,755.00,36.00,122.00,1,1,1
277,1036,1083.10,740.23,45.96,129.44,1,1,1
278,300,1142.00,754.50,36.00,125.00,1,1,1
278,1036,1083.32,740.35,46.17,129.85,1,1,1
279,300,1143.00,754.50,36.00,125.00,1,1,1
279,1036,1083.53,740.47,46.38,130.27,1,1,1
280,300,1144.00,758.00,36.00,122.00,1,1,1
280,1036,1083.74,740.59,46.59,130.68,1,1,1
281,300,1143.00,758.00,36.00,122.00,1,1,1
281,1036,1083.95,740.71,46.80,131.10,1,1,1
282,300,1141.00,760.00,36.00,122.00,1,1,1
282,1036,1084.16,740.83,47.01,131.51,1,1,1
283,300,1142.00,763.00,36.00,122.00,1,1,1
283,1036,1084.37,740.95,47.22,131.93,1,1,1
284,300,1140.00,762.50,36.00,122.00,1,1,1
284,1036,1084.58,741.07,47.43,132.35,1,1,1
285,300,1142.00,762.00,36.00,122.00,1,1,1
285,1036,1084.79,741.19,47.64,132.76,1,1,1
286,300,1142.00,759.00,36.00,124.00,1,1,1
286,1036,1085.00,741.31,47.85,133.17,1,1,1
287,300,1140.00,758.00,38.00,126.00,1,1,1
287,1036,1085.21,741.43,48.06,133.59,1,1,1
288,300,1141.00,758.00,38.00,126.00,1,1,1
288,1036,1085.42,741.55,48.27,134.01,1,1,1
289,300,1142.00,757.00,38.00,127.00,1,1,1
289,1036,1085.63,741.67,48.48,134.42,1,1,1
290,300,1142.00,757.50,38.00,127.00,1,1,1
290,1036,1085.84,741.79,48.69,134.84,1,1,1
291,300,1142.00,758.00,40.00,128.00,1,1,1
291,1036,1086.05,741.91,48.90,135.25,1,1,1
292,300,1142.00,759.00,40.00,126.00,1,1,1
292,1036,1086.47,742.15,49.32,136.08,1,1,1
293,300,1144.00,760.00,40.00,128.00,1,1,1
293,1036,1086.68,742.27,49.53,136.50,1,1,1
294,300,1146.00,761.50,40.00,128.00,1,1,1
294,1036,1086.89,742.39,49.74,136.91,1,1,1
295,300,1148.00,762.00,40.00,128.00,1,1,1
295,1036,1087.10,742.51,49.95,137.33,1,1,1
296,300,1148.00,762.50,40.00,127.00,1,1,1
296,1036,1087.31,742.63,50.16,137.74,1,1,1
297,300,1150.00,762.00,40.00,129.00,1,1,1
297,1036,1087.52,742.75,50.38,138.16,1,1,1
298,300,1150.00,761.00,40.00,130.00,1,1,1
298,1036,1087.73,742.87,50.59,138.57,1,1,1
299,300,1152.00,762.00,38.00,130.00,1,1,1
299,1036,1087.94,742.99,50.80,138.99,1,1,1
300,300,1152.00,762.00,40.00,131.00,1,1,1
300,1036,1088.15,743.11,51.01,139.40,1,1,1
301,300,1154.00,762.50,40.00,133.00,1,1,1
301,1036,1088.36,743.23,51.22,139.82,1,1,1
302,300,1154.00,762.50,40.00,133.00,1,1,1
302,1036,1088.57,743.35,51.43,140.24,1,1,1
303,300,1154.00,764.00,40.00,134.00,1,1,1
303,1036,1088.78,743.47,51.64,140.65,1,1,1
304,300,1154.00,764.00,40.00,131.00,1,1,1
304,1036,1088.99,743.59,51.85,141.07,1,1,1
305,300,1156.00,766.00,38.00,131.00,1,1,1
305,1036,1089.20,743.71,52.06,141.48,1,1,1
306,300,1156.00,768.00,40.00,132.00,1,1,1
306,1036,1089.41,743.83,52.27,141.90,1,1,1
307,300,1156.00,768.00,38.00,132.00,1,1,1
307,1036,1089.62,743.95,52.48,142.31,1,1,1
308,300,1156.00,768.00,38.00,132.00,1,1,1
308,1036,1089.84,744.08,52.69,142.73,1,1,1
309,300,1156.00,769.00,38.00,131.00,1,1,1
309,1036,1090.05,744.20,52.90,143.14,1,1,1
310,300,1156.00,768.00,40.00,132.00,1,1,1
310,1036,1090.26,744.32,53.11,143.56,1,1,1
311,300,1157.00,768.00,40.00,133.00,1,1,1
311,1036,1090.47,744.44,53.32,143.97,1,1,1
312,300,1156.00,767.00,40.00,134.00,1,1,1
312,1036,1090.68,744.56,53.53,144.39,1,1,1
313,300,1156.00,766.50,40.00,134.00,1,1,1
313,1036,1090.89,744.68,53.74,144.80,1,1,1
314,300,1156.00,767.00,40.00,134.00,1,1,1
314,1036,1091.10,744.80,53.95,145.22,1,1,1
315,300,1156.00,768.00,40.00,132.00,1,1,1
315,1036,1091.31,744.92,54.16,145.64,1,1,1
316,300,1158.00,769.00,40.00,132.00,1,1,1
316,1036,1091.52,745.04,54.37,146.05,1,1,1
317,300,1158.00,769.00,40.00,134.00,1,1,1
317,1036,1091.73,745.16,54.58,146.47,1,1,1
318,300,1159.00,770.00,40.00,133.00,1,1,1
318,1036,1091.94,745.28,54.79,146.88,1,1,1
319,300,1159.00,770.00,42.00,134.00,1,1,1
319,1036,1092.15,745.40,55.01,147.30,1,1,1
320,300,1160.00,771.00,42.00,134.00,1,1,1
320,1036,1092.36,745.52,55.22,147.71,1,1,1
321,300,1161.00,771.00,42.00,135.00,1,1,1
321,1036,1092.57,745.64,55.43,148.13,1,1,1
322,300,1160.00,771.00,44.00,135.00,1,1,1
322,1036,1092.78,745.76,55.64,148.54,1,1,1
323,300,1162.00,773.00,44.00,134.00,1,1,1
323,1036,1092.99,745.88,55.85,148.96,1,1,1
324,300,1163.00,773.00,42.00,134.00,1,1,1
324,1036,1093.20,746.00,56.06,149.37,1,1,1
325,300,1162.00,774.00,44.00,136.00,1,1,1
325,1036,1093.41,746.12,56.27,149.79,1,1,1
326,300,1163.00,773.00,44.00,138.00,1,1,1
326,1036,1093.62,746.24,56.48,150.20,1,1,1
327,300,1163.00,773.50,44.00,139.00,1,1,1
327,1036,1093.83,746.36,56.69,150.62,1,1,1
328,300,1163.00,774.00,44.00,140.00,1,1,1
328,1036,1094.04,746.48,56.90,151.03,1,1,1
329,300,1165.00,775.50,42.00,138.00,1,1,1
329,1036,1094.25,746.60,57.11,151.45,1,1,1
330,300,1166.00,776.00,44.00,140.00,1,1,1
330,1036,1094.72,747.19,57.37,151.76,1,1,1
331,300,1167.00,776.00,42.00,140.00,1,1,1
331,1036,1095.20,747.77,57.63,152.07,1,1,1
332,300,1167.00,775.50,42.00,141.00,1,1,1
332,1036,1095.67,748.36,57.89,152.38,1,1,1
333,300,1166.00,777.00,44.00,142.00,1,1,1
333,1036,1096.14,748.95,58.15,152.70,1,1,1
334,300,1167.00,777.50,42.00,142.00,1,1,1
334,1036,1096.62,749.53,58.41,153.01,1,1,1
335,300,1167.00,777.00,42.00,144.00,1,1,1
335,1036,1097.09,750.12,58.67,153.32,1,1,1
336,300,1167.00,778.00,42.00,143.00,1,1,1
336,1036,1097.56,750.71,58.94,153.63,1,1,1
337,300,1166.00,778.00,44.00,145.00,1,1,1
337,1036,1098.03,751.30,59.20,153.94,1,1,1
338,300,1167.00,779.00,44.00,148.00,1,1,1
338,1036,1098.51,751.88,59.46,154.25,1,1,1
339,300,1168.00,779.00,44.00,148.00,1,1,1
339,1036,1098.98,752.47,59.72,154.57,1,1,1
340,300,1168.00,780.00,44.00,146.00,1,1,1
340,1036,1099.45,753.06,59.98,154.88,1,1,1
341,300,1170.00,780.00,46.00,145.00,1,1,1
341,1036,1099.93,753.64,60.24,155.19,1,1,1
342,300,1170.00,781.50,48.00,147.00,1,1,1
342,1036,1100.40,754.23,60.50,155.50,1,1,1
343,300,1175.00,774.00,50.00,156.00,1,1,1
343,1036,1100.87,754.82,60.76,155.81,1,1,1
344,300,1175.00,774.00,50.00,156.00,1,1,1
344,1036,1101.35,755.40,61.02,156.12,1,1,1
345,300,1175.70,775.10,49.80,154.80,1,1,1
345,1036,1101.82,755.99,61.28,156.44,1,1,1
346,300,1176.40,776.20,49.60,153.60,1,1,1
346,1036,1102.30,756.57,61.54,156.75,1,1,1
347,300,1177.10,777.30,49.40,152.40,1,1,1
347,1036,1102.77,757.16,61.80,157.06,1,1,1
348,300,1177.80,778.40,49.20,151.20,1,1,1
348,1036,1103.24,757.75,62.06,157.37,1,1,1
349,300,1178.50,779.50,49.00,150.00,1,1,1
349,1036,1103.72,758.33,62.32,157.68,1,1,1
350,300,1179.20,780.60,48.80,148.80,1,1,1
350,1036,1104.19,758.92,62.58,157.99,1,1,1
351,300,1179.90,781.70,48.60,147.60,1,1,1
351,1036,1104.66,759.51,62.84,158.31,1,1,1
352,300,1180.60,782.80,48.40,146.40,1,1,1
352,1036,1105.14,760.10,63.10,158.62,1,1,1
353,300,1181.30,783.90,48.20,145.20,1,1,1
353,1036,1105.61,760.68,63.36,158.93,1,1,1
354,300,1182.00,785.00,48.00,144.00,1,1,1
354,1036,1106.09,761.27,63.62,159.24,1,1,1
355,300,1184.00,787.00,48.00,147.00,1,1,1
355,1036,1106.56,761.86,63.89,159.55,1,1,1
356,300,1184.00,786.50,48.00,148.00,1,1,1
356,1036,1107.03,762.44,64.15,159.86,1,1,1
357,300,1185.00,787.00,48.00,156.00,1,1,1
357,1036,1107.51,763.03,64.41,160.17,1,1,1
358,300,1187.00,788.00,46.00,150.00,1,1,1
358,1036,1107.98,763.62,64.67,160.49,1,1,1
359,300,1188.00,789.00,44.00,146.00,1,1,1
359,1036,1108.45,764.21,64.93,160.80,1,1,1
360,300,1186.00,787.50,48.00,157.00,1,1,1
360,1036,1108.93,764.79,65.19,161.11,1,1,1
361,300,1188.00,788.00,46.00,160.00,1,1,1
361,1036,1109.40,765.38,65.45,161.42,1,1,1
362,300,1190.00,787.00,44.00,156.00,1,1,1
362,1036,1109.87,765.97,65.71,161.73,1,1,1
363,300,1190.00,787.50,46.00,157.00,1,1,1
363,1036,1110.35,766.55,65.97,162.04,1,1,1
364,300,1190.00,788.00,48.00,158.00,1,1,1
364,1036,1110.82,767.14,66.24,162.36,1,1,1
365,300,1191.00,787.50,46.00,159.00,1,1,1
365,1036,1111.29,767.73,66.50,162.67,1,1,1
366,300,1191.00,787.50,48.00,162.00,1,1,1
366,1036,1111.77,768.31,66.76,162.98,1,1,1
367,300,1194.00,788.00,48.00,163.00,1,1,1
367,1036,1112.24,768.90,67.02,163.29,1,1,1
368,300,1194.00,789.00,48.00,162.00,1,1,1
368,1036,1112.86,769.81,67.02,163.29,1,1,1
369,300,1195.00,789.00,50.00,162.00,1,1,1
369,1036,1113.48,770.72,67.02,163.29,1,1,1
370,300,1196.00,788.00,50.00,164.00,1,1,1
370,1036,1114.10,771.63,67.02,163.29,1,1,1
371,300,1197.00,789.00,50.00,163.00,1,1,1
371,1036,1114.72,772.54,67.02,163.29,1,1,1
372,300,1196.00,789.00,52.00,162.00,1,1,1
372,1036,1115.34,773.45,67.02,163.29,1,1,1
373,300,1198.00,789.00,52.00,162.00,1,1,1
373,1036,1115.96,774.36,67.02,163.29,1,1,1
374,300,1198.00,793.50,54.00,159.00,1,1,1
374,1036,1116.58,775.27,67.02,163.29,1,1,1
375,300,1198.00,795.00,56.00,159.00,1,1,1
375,1036,1117.21,776.18,67.02,163.29,1,1,1
376,300,1200.00,794.00,56.00,160.00,1,1,1
376,1036,1117.83,777.09,67.02,163.29,1,1,1
377,300,1202.00,795.00,56.00,164.00,1,1,1
377,1036,1118.45,778.00,67.02,163.29,1,1,1
378,300,1204.00,795.00,52.00,167.00,1,1,1
378,1036,1119.07,778.91,67.02,163.29,1,1,1
379,300,1205.00,795.00,52.00,164.00,1,1,1
379,1036,1119.69,779.82,67.02,163.29,1,1,1
380,300,1208.00,796.00,52.00,162.00,1,1,1
380,1036,1120.31,780.73,67.02,163.29,1,1,1
381,300,1208.00,795.50,50.00,164.00,1,1,1
381,1036,1120.93,781.64,67.02,163.29,1,1,1
382,300,1209.00,796.00,50.00,168.00,1,1,1
382,1036,1121.55,782.56,67.02,163.29,1,1,1
383,300,1210.00,795.00,48.00,171.00,1,1,1
383,1036,1122.17,783.47,67.02,163.29,1,1,1
384,300,1210.00,795.00,48.00,173.00,1,1,1
384,1036,1122.79,784.38,67.02,163.29,1,1,1
385,300,1211.00,796.00,48.00,173.00,1,1,1
385,1036,1123.41,785.29,67.02,163.29,1,1,1
386,300,1212.00,797.00,48.00,174.00,1,1,1
386,1036,1124.03,786.20,67.02,163.29,1,1,1
387,300,1214.00,798.00,48.00,174.00,1,1,1
387,1036,1124.65,787.11,67.02,163.29,1,1,1
388,300,1214.00,798.00,48.00,175.00,1,1,1
388,1036,1125.27,788.02,67.02,163.29,1,1,1
389,300,1214.00,798.00,48.00,176.00,1,1,1
389,1036,1125.89,788.93,67.02,163.29,1,1,1
390,300,1214.00,798.50,48.00,176.00,1,1,1
390,1036,1126.52,789.84,67.02,163.29,1,1,1
391,300,1216.00,798.00,48.00,176.00,1,1,1
391,1036,1127.14,790.75,67.02,163.29,1,1,1
392,300,1214.00,798.50,50.00,177.00,1,1,1
392,1036,1127.76,791.66,67.02,163.29,1,1,1
393,300,1215.00,799.00,50.00,178.00,1,1,1
393,1036,1128.38,792.57,67.02,163.29,1,1,1
394,300,1214.00,800.00,52.00,176.00,1,1,1
394,1036,1129.00,793.48,67.02,163.29,1,1,1
395,300,1214.00,800.00,52.00,176.00,1,1,1
395,1036,1129.62,794.39,67.02,163.29,1,1,1
396,300,1216.00,800.00,52.00,178.00,1,1,1
396,1036,1130.24,795.30,67.02,163.29,1,1,1
397,300,1218.00,802.00,52.00,176.00,1,1,1
397,1036,1130.86,796.21,67.02,163.29,1,1,1
398,300,1218.00,803.00,52.00,176.00,1,1,1
398,1036,1131.52,797.24,67.02,163.29,1,1,1
399,300,1218.00,805.00,52.00,174.00,1,1,1
399,1036,1132.18,798.28,67.02,163.29,1,1,1
400,300,1220.00,807.00,52.00,172.00,1,1,1
400,1036,1132.85,799.31,67.02,163.29,1,1,1
401,300,1220.00,809.00,52.00,172.00,1,1,1
401,1036,1133.51,800.35,67.02,163.29,1,1,1
402,300,1220.00,810.00,52.00,171.00,1,1,1
402,1036,1134.17,801.38,67.02,163.29,1,1,1
403,300,1220.00,810.00,54.00,172.00,1,1,1
403,1036,1134.83,802.42,67.02,163.29,1,1,1
404,300,1222.00,810.00,52.00,171.00,1,1,1
404,1036,1135.49,803.45,67.02,163.29,1,1,1
405,300,1221.00,809.50,56.00,178.00,1,1,1
405,1036,1136.16,804.48,67.02,163.29,1,1,1
406,300,1226.00,808.00,52.00,188.00,1,1,1
406,1036,1136.82,805.52,67.02,163.29,1,1,1
407,300,1223.00,809.50,54.00,188.00,1,1,1
407,1036,1137.48,806.55,67.02,163.29,1,1,1
408,300,1223.00,809.50,54.00,186.00,1,1,1
408,1036,1138.14,807.59,67.02,163.29,1,1,1
409,300,1222.00,809.50,56.00,187.00,1,1,1
409,1036,1138.80,808.62,67.02,163.29,1,1,1
410,300,1222.00,811.00,56.00,186.00,1,1,1
410,1036,1139.47,809.66,67.02,163.29,1,1,1
411,300,1221.00,812.00,56.00,188.00,1,1,1
411,1036,1140.13,810.69,67.02,163.29,1,1,1
412,300,1220.00,814.00,56.00,188.00,1,1,1
412,1036,1140.79,811.73,67.02,163.29,1,1,1
413,300,1221.00,814.50,56.00,190.00,1,1,1
413,1036,1141.45,812.76,67.02,163.29,1,1,1
414,300,1220.00,816.00,56.00,190.00,1,1,1
414,1036,1142.11,813.79,67.02,163.29,1,1,1
415,300,1221.00,817.00,54.00,188.00,1,1,1
415,1036,1142.78,814.83,67.02,163.29,1,1,1
416,300,1221.00,818.00,54.00,188.00,1,1,1
416,1036,1143.44,815.86,67.02,163.29,1,1,1
417,300,1220.00,818.00,54.00,189.00,1,1,1
417,1036,1144.10,816.90,67.02,163.29,1,1,1
418,300,1220.00,815.00,56.00,194.00,1,1,1
418,1036,1144.76,817.93,67.02,163.29,1,1,1
419,300,1220.00,815.00,56.00,192.00,1,1,1
419,1036,1145.42,818.97,67.02,163.29,1,1,1
420,300,1222.00,816.00,56.00,192.00,1,1,1
420,1036,1146.09,820.00,67.02,163.29,1,1,1
421,300,1222.00,817.00,56.00,188.00,1,1,1
421,1036,1146.75,821.03,67.02,163.29,1,1,1
422,300,1220.00,818.00,56.00,192.00,1,1,1
422,1036,1147.41,822.07,67.02,163.29,1,1,1
423,300,1220.00,818.50,58.00,190.00,1,1,1
423,1036,1148.07,823.10,67.02,163.29,1,1,1
424,300,1221.00,819.00,58.00,192.00,1,1,1
424,1036,1148.73,824.14,67.02,163.29,1,1,1
425,300,1221.00,819.50,60.00,193.00,1,1,1
425,1036,1149.40,825.17,67.02,163.29,1,1,1
426,300,1224.00,822.00,60.00,202.00,1,1,1
426,1036,1150.06,826.21,67.02,163.29,1,1,1
427,300,1224.00,822.00,60.00,216.00,1,1,1
427,1036,1150.72,827.24,67.02,163.29,1,1,1
428,300,1222.00,824.00,64.00,214.00,1,1,1
428,1036,1150.12,825.65,68.96,165.65,1,1,1
429,300,1220.00,824.00,68.00,214.00,1,1,1
429,1036,1149.52,824.07,70.90,168.01,1,1,1
430,300,1224.00,825.00,66.00,216.00,1,1,1
430,1036,1148.92,822.49,72.84,170.38,1,1,1
431,300,1229.00,825.00,62.00,216.00,1,1,1
431,1036,1148.32,820.90,74.78,172.74,1,1,1
432,300,1230.00,826.00,64.00,218.00,1,1,1
432,1036,1148.30,821.06,75.57,174.80,1,1,1
433,300,1228.00,825.00,64.00,220.00,1,1,1
433,1036,1148.28,821.23,76.36,176.86,1,1,1
434,300,1230.00,826.00,64.00,218.00,1,1,1
434,1036,1148.26,821.39,77.15,178.92,1,1,1
435,300,1231.00,827.00,62.00,219.00,1,1,1
435,1036,1148.24,821.55,77.93,180.98,1,1,1
436,300,1234.00,827.00,62.00,214.00,1,1,1
436,1036,1148.22,821.71,78.72,183.04,1,1,1
437,300,1236.00,829.00,60.00,210.00,1,1,1
437,1036,1148.20,821.88,79.51,185.10,1,1,1
438,300,1237.00,830.00,60.00,211.00,1,1,1
438,1036,1148.18,822.04,80.30,187.16,1,1,1
439,300,1238.00,831.00,60.00,213.00,1,1,1
439,1036,1148.16,822.20,81.09,189.22,1,1,1
440,300,1238.00,834.00,60.00,214.00,1,1,1
440,1036,1148.14,822.37,81.88,191.28,1,1,1
441,300,1238.00,835.00,60.00,212.00,1,1,1
441,1036,1148.12,822.53,82.66,193.34,1,1,1
442,300,1239.00,835.00,60.00,213.00,1,1,1
442,1036,1148.10,822.69,83.45,195.40,1,1,1
443,300,1240.00,835.00,60.00,214.00,1,1,1
443,1036,1148.08,822.86,84.24,197.46,1,1,1
444,300,1240.00,836.00,60.00,216.00,1,1,1
444,1036,1148.06,823.02,85.03,199.52,1,1,1
445,300,1240.00,836.00,60.00,215.00,1,1,1
445,1036,1148.04,823.18,85.82,201.58,1,1,1
446,300,1240.00,836.00,60.00,218.00,1,1,1
446,1036,1148.02,823.35,86.61,203.64,1,1,1
447,300,1240.00,836.00,60.00,218.00,1,1,1
447,1036,1148.00,823.51,87.40,205.70,1,1,1
448,300,1240.00,836.00,62.00,220.00,1,1,1
448,1036,1147.98,823.67,88.18,207.76,1,1,1
449,300,1242.00,838.00,60.00,216.00,1,1,1
449,1036,1147.96,823.83,88.97,209.82,1,1,1
450,300,1242.00,839.00,60.00,214.00,1,1,1
450,1036,1147.94,824.00,89.76,211.88,1,1,1
451,300,1242.00,841.00,64.00,214.00,1,1,1
451,1036,1147.92,824.16,90.55,213.94,1,1,1
452,300,1242.00,842.00,64.00,213.00,1,1,1
452,1036,1147.90,824.32,91.34,213.91,1,1,1
453,300,1242.00,845.00,68.00,210.00,1,1,1
453,1036,1147.88,824.49,92.13,213.87,1,1,1
454,300,1242.00,846.00,72.00,210.00,1,1,1
454,1036,1147.86,824.65,92.92,213.84,1,1,1
455,300,1246.00,850.00,72.00,207.00,1,1,1
455,1036,1147.84,824.81,93.71,213.81,1,1,1
456,300,1246.00,852.00,72.00,206.00,1,1,1
456,1036,1147.82,824.97,94.49,213.78,1,1,1
457,300,1249.17,826.53,81.53,212.00,1,1,1
457,1036,1147.80,825.14,95.28,213.74,1,1,1
458,300,1251.00,856.00,74.00,238.00,1,1,1
458,1036,1147.78,825.30,96.07,213.71,1,1,1
459,300,1254.00,857.00,72.00,246.00,1,1,1
459,1036,1147.76,825.46,96.86,213.68,1,1,1
460,300,1256.00,857.00,72.00,242.00,1,1,1
460,1036,1147.74,825.63,97.65,213.64,1,1,1
461,300,1256.00,854.00,72.00,249.00,1,1,1
461,1036,1147.72,825.79,98.44,213.61,1,1,1
462,300,1258.00,856.00,72.00,246.00,1,1,1
462,1036,1147.70,825.95,99.23,209.75,1,1,1
463,300,1258.00,858.00,72.00,245.00,1,1,1
463,1036,1147.68,826.11,100.02,205.90,1,1,1
464,300,1259.00,859.00,72.00,244.00,1,1,1
464,1036,1147.66,826.28,100.80,202.04,1,1,1
465,300,1259.00,860.00,72.00,242.00,1,1,1
465,1036,1147.64,826.44,101.59,198.19,1,1,1
466,300,1260.00,863.00,72.00,244.00,1,1,1
466,1036,1147.62,826.60,102.38,194.33,1,1,1
467,300,1260.00,865.00,72.00,239.00,1,1,1
467,1036,1149.78,827.00,102.38,202.18,1,1,1
468,300,1259.00,866.00,74.00,254.00,1,1,1
468,1036,1151.94,827.41,102.38,210.03,1,1,1
469,300,1260.00,865.00,72.00,248.00,1,1,1
469,1036,1154.09,827.81,102.38,217.88,1,1,1
470,300,1240.00,864.00,88.00,264.00,1,1,1
470,1036,1156.25,828.22,102.38,225.73,1,1,1
471,300,1241.00,864.00,88.00,266.00,1,1,1
471,1036,1158.41,828.62,102.38,233.58,1,1,1
472,300,1244.00,863.00,88.00,270.00,1,1,1
472,1036,1160.57,829.02,102.38,234.75,1,1,1
473,300,1258.00,864.00,72.00,228.00,1,1,1
473,1036,1162.73,829.43,102.38,235.93,1,1,1
474,300,1260.00,864.50,85.00,213.00,1,1,1
474,1036,1164.89,829.84,102.38,237.11,1,1,1
475,300,1262.00,865.00,98.00,198.00,1,1,1
475,1036,1167.05,830.24,102.38,238.28,1,1,1
476,300,1261.39,865.63,98.66,204.24,1,1,1
476,1036,1169.20,830.64,102.38,239.45,1,1,1
477,300,1260.77,866.27,99.32,210.49,1,1,1
477,1036,1171.36,831.05,102.38,240.63,1,1,1
478,300,1260.16,866.90,99.97,216.73,1,1,1
478,1036,1173.52,831.45,102.38,241.81,1,1,1
479,300,1259.55,867.53,100.63,222.98,1,1,1
479,1036,1175.68,831.86,102.38,242.98,1,1,1
480,300,1258.93,868.17,101.29,229.22,1,1,1
480,1036,1177.84,832.26,102.38,244.16,1,1,1
481,300,1258.32,868.80,101.95,235.47,1,1,1
481,1036,1180.00,832.67,102.38,245.33,1,1,1
482,300,1257.71,869.43,102.60,241.71,1,1,1
482,1036,1182.16,833.07,102.38,238.96,1,1,1
483,300,1257.09,870.07,103.26,247.96,1,1,1
483,1036,1184.32,833.48,102.38,232.58,1,1,1
484,300,1256.48,870.70,103.92,254.20,1,1,1
484,1036,1186.47,833.88,102.38,226.20,1,1,1
485,300,1258.97,872.17,103.72,252.33,1,1,1
485,1036,1188.63,834.29,102.38,219.83,1,1,1
486,300,1261.47,873.63,103.53,250.45,1,1,1
486,1036,1190.79,834.69,102.38,213.45,1,1,1
487,300,1263.96,875.10,103.33,248.58,1,1,1
487,1036,1192.94,835.10,102.38,207.08,1,1,1
488,300,1266.46,876.56,103.13,246.71,1,1,1
488,1036,1195.10,835.50,102.38,200.71,1,1,1
489,300,1268.95,878.03,102.93,244.83,1,1,1
489,1036,1197.26,835.91,102.38,194.33,1,1,1
490,300,1271.45,879.50,102.74,242.96,1,1,1
490,1036,1199.91,839.69,102.38,207.50,1,1,1
491,300,1273.94,880.96,102.54,241.09,1,1,1
491,1036,1202.56,843.47,102.38,220.67,1,1,1
492,300,1276.44,882.43,102.34,239.21,1,1,1
492,1036,1205.22,847.25,102.38,233.85,1,1,1
493,300,1278.93,883.89,102.14,237.34,1,1,1
493,1036,1207.87,851.03,102.38,247.02,1,1,1
494,300,1281.43,885.36,101.95,235.47,1,1,1
494,1036,1210.52,854.81,102.38,260.19,1,1,1
495,300,1283.92,886.83,101.75,233.59,1,1,1
495,1036,1213.17,858.59,102.38,249.21,1,1,1
496,300,1286.42,888.29,101.55,231.72,1,1,1
496,1036,1215.82,862.37,102.38,238.24,1,1,1
497,300,1288.91,889.76,101.35,229.85,1,1,1
497,1036,1218.47,866.15,102.38,227.26,1,1,1
498,300,1291.41,891.22,101.16,227.97,1,1,1
498,1036,1221.13,869.93,102.38,216.28,1,1,1
499,300,1293.90,892.69,100.96,226.10,1,1,1
499,1036,1223.78,873.71,102.38,205.31,1,1,1
500,300,1296.40,894.16,100.76,224.23,1,1,1
500,1036,1226.43,877.49,102.38,194.33,1,1,1
501,300,1298.89,895.62,100.57,222.35,1,1,1
501,1036,1227.73,878.61,102.38,208.78,1,1,1
502,300,1301.39,897.09,100.37,220.48,1,1,1
502,1036,1229.04,879.72,102.38,223.24,1,1,1
503,300,1303.88,898.55,100.17,218.61,1,1,1
503,1036,1230.34,880.84,102.38,237.69,1,1,1
504,300,1306.38,900.02,99.97,216.73,1,1,1
504,1036,1231.64,881.96,102.38,252.14,1,1,1
505,300,1308.88,901.49,99.78,214.86,1,1,1
505,1036,1232.94,883.08,102.38,242.51,1,1,1
506,300,1311.37,902.95,99.58,212.99,1,1,1
506,1036,1234.25,884.19,102.38,232.87,1,1,1
507,300,1313.87,904.42,99.38,211.11,1,1,1
507,1036,1235.55,885.31,102.38,223.24,1,1,1
508,300,1316.36,905.88,99.18,209.24,1,1,1
508,1036,1236.85,886.43,102.38,213.60,1,1,1
509,300,1318.86,907.35,98.99,207.37,1,1,1
509,1036,1238.16,887.54,102.38,203.96,1,1,1
510,300,1321.35,908.82,98.79,205.49,1,1,1
510,1036,1239.46,888.66,102.38,194.33,1,1,1
511,300,1323.85,910.28,98.59,203.62,1,1,1
511,1036,1240.53,891.29,102.38,198.18,1,1,1
512,300,1326.34,911.75,98.39,201.75,1,1,1
512,1036,1241.61,893.92,102.38,202.04,1,1,1
513,300,1328.84,913.21,98.20,199.87,1,1,1
513,1036,1242.68,896.54,102.38,205.89,1,1,1
514,300,1331.33,914.68,98.00,198.00,1,1,1
514,1036,1243.76,899.17,102.38,209.74,1,1,1
515,300,1333.99,917.91,98.00,198.00,1,1,1
515,1036,1244.83,901.80,102.38,213.59,1,1,1
516,300,1336.64,921.14,98.00,198.00,1,1,1
516,1036,1245.91,904.43,102.38,217.45,1,1,1
517,300,1339.30,924.38,98.00,198.00,1,1,1
517,1036,1246.98,907.06,102.38,221.30,1,1,1
518,300,1341.96,927.61,98.00,198.00,1,1,1
518,1036,1248.05,909.68,102.38,225.15,1,1,1
519,300,1344.62,930.84,98.00,198.00,1,1,1
519,1036,1249.13,912.31,102.38,229.01,1,1,1
520,300,1347.27,934.07,98.00,198.00,1,1,1
520,1036,1250.20,914.94,102.38,232.86,1,1,1
521,300,1349.93,937.30,98.00,198.00,1,1,1
521,1036,1251.28,917.57,102.38,236.71,1,1,1
522,300,1352.59,940.54,98.00,198.00,1,1,1
522,1036,1252.35,920.19,102.38,240.56,1,1,1
523,300,1355.24,943.77,98.00,198.00,1,1,1
523,1036,1253.43,922.82,102.38,244.42,1,1,1
524,300,1357.90,947.00,98.00,198.00,1,1,1
524,1036,1254.50,925.45,102.38,248.27,1,1,1
525,300,1360.02,947.88,99.79,199.99,1,1,1
525,1036,1258.10,924.69,102.38,245.27,1,1,1
526,300,1362.13,948.75,101.58,201.99,1,1,1
526,1036,1261.70,923.93,102.38,242.28,1,1,1
527,300,1364.25,949.63,103.38,203.99,1,1,1
527,1036,1265.30,923.18,102.38,239.28,1,1,1
528,300,1366.37,950.51,105.17,205.98,1,1,1
528,1036,1268.90,922.42,102.38,236.28,1,1,1
529,300,1368.48,951.39,106.96,207.97,1,1,1
529,1036,1272.49,921.66,102.38,233.29,1,1,1
530,300,1370.60,952.26,108.75,209.97,1,1,1
530,1036,1276.09,920.90,102.38,230.29,1,1,1
531,300,1372.72,953.14,110.55,211.97,1,1,1
531,1036,1279.69,920.15,102.38,227.29,1,1,1
532,300,1374.83,954.02,112.34,213.96,1,1,1
532,1036,1283.29,919.39,102.38,224.30,1,1,1
533,300,1376.95,954.89,114.13,215.95,1,1,1
533,1036,1286.89,918.63,102.38,221.30,1,1,1
534,300,1379.07,955.77,115.92,217.95,1,1,1
534,1036,1289.54,919.31,104.85,223.17,1,1,1
535,300,1381.18,956.65,117.71,219.95,1,1,1
535,1036,1292.18,919.99,107.32,225.05,1,1,1
536,300,1383.30,957.53,119.51,221.94,1,1,1
536,1036,1294.83,920.67,109.79,226.92,1,1,1
537,300,1385.42,958.40,121.30,223.93,1,1,1
537,1036,1297.47,921.35,112.26,228.79,1,1,1
538,300,1387.53,959.28,123.09,225.93,1,1,1
538,1036,1300.12,922.02,114.72,230.67,1,1,1
539,300,1389.65,960.16,124.88,227.93,1,1,1
539,1036,1302.76,922.70,117.19,232.54,1,1,1
540,300,1391.77,961.04,126.68,229.92,1,1,1
540,1036,1305.41,923.38,119.66,234.41,1,1,1
541,300,1393.88,961.91,128.47,231.91,1,1,1
541,1036,1308.05,924.06,122.13,236.29,1,1,1
542,300,1396.00,962.79,130.26,233.91,1,1,1
542,1036,1310.70,924.74,124.60,238.16,1,1,1
