12,84,1066.00,716.00,20.00,78.00,1,1,1
13,84,1066.00,718.00,20.00,74.00,1,1,1
14,84,1066.00,722.00,20.00,70.00,1,1,1
15,84,1065.00,730.00,20.00,62.00,1,1,1
16,84,1066.00,725.00,20.00,68.00,1,1,1
17,84,1066.00,725.00,20.00,68.00,1,1,1
18,84,1066.00,725.00,20.00,68.00,1,1,1
19,84,1066.00,725.00,20.00,68.00,1,1,1
20,84,1067.00,726.00,20.00,67.00,1,1,1
21,84,1070.00,724.00,20.00,70.00,1,1,1
22,84,1072.00,724.00,20.00,70.00,1,1,1
23,84,1074.00,723.50,22.00,73.00,1,1,1
24,84,1076.00,724.00,22.00,72.00,1,1,1
25,84,1076.00,723.00,24.00,76.00,1,1,1
26,84,1076.00,723.00,24.00,76.00,1,1,1
27,84,1078.00,723.00,22.00,77.00,1,1,1
28,84,1078.00,723.00,24.00,77.00,1,1,1
29,84,1079.00,723.00,22.00,74.00,1,1,1
30,84,1079.00,722.50,22.00,75.00,1,1,1
31,84,1078.00,723.00,24.00,74.00,1,1,1
32,84,1078.00,724.50,24.00,72.00,1,1,1
33,84,1079.00,726.00,22.00,72.00,1,1,1
34,84,1079.00,727.00,22.00,72.00,1,1,1
35,84,1079.00,727.00,22.00,72.00,1,1,1
36,84,1079.00,726.00,22.00,74.00,1,1,1
37,84,1082.00,727.00,22.00,71.00,1,1,1
38,84,1082.00,726.00,22.00,72.00,1,1,1
39,84,1082.00,726.00,22.00,74.00,1,1,1
40,84,1082.00,726.00,22.00,74.00,1,1,1
41,84,1082.00,726.00,24.00,74.00,1,1,1
42,84,1082.00,724.50,24.00,77.00,1,1,1
43,84,1082.00,724.00,24.00,78.00,1,1,1
44,84,1083.00,724.00,22.00,78.00,1,1,1
45,84,1082.00,723.00,24.00,78.00,1,1,1
46,84,1082.00,723.50,24.00,78.00,1,1,1
47,84,1082.00,724.00,24.00,78.00,1,1,1
48,84,1083.00,723.50,24.00,78.00,1,1,1
49,84,1084.00,723.50,24.00,78.00,1,1,1
50,84,1084.00,723.00,24.00,80.00,1,1,1
51,84,1085.00,724.00,24.00,78.00,1,1,1
52,84,1086.00,723.00,24.00,78.00,1,1,1
53,84,1087.00,723.00,24.00,78.00,1,1,1
54,84,1087.00,722.00,24.00,82.00,1,1,1
55,84,1089.00,721.00,24.00,83.00,1,1,1
56,84,1090.00,720.50,24.00,83.00,1,1,1
57,84,1092.00,720.00,24.00,90.00,1,1,1
58,84,1090.00,720.00,28.00,91.00,1,1,1
59,84,1092.00,720.50,28.00,98.00,1,1,1
60,84,1092.34,720.59,27.86,97.45,1,1,1
61,84,1092.69,720.67,27.72,96.90,1,1,1
62,84,1093.03,720.76,27.59,96.34,1,1,1
63,84,1093.38,720.84,27.45,95.79,1,1,1
64,84,1093.72,720.93,27.31,95.24,1,1,1
65,84,1094.07,721.02,27.17,94.69,1,1,1
66,84,1094.41,721.10,27.03,94.14,1,1,1
67,84,1094.76,721.19,26.90,93.59,1,1,1
68,84,1095.10,721.28,26.76,93.03,1,1,1
69,84,1095.45,721.36,26.62,92.48,1,1,1
70,84,1095.79,721.45,26.48,91.93,1,1,1
71,84,1096.14,721.53,26.34,91.38,1,1,1
72,84,1096.48,721.62,26.21,90.83,1,1,1
73,84,1096.83,721.71,26.07,90.28,1,1,1
74,84,1097.17,721.79,25.93,89.72,1,1,1
75,84,1097.86,721.97,25.66,88.62,1,1,1
76,84,1098.21,722.05,25.52,88.07,1,1,1
77,84,1098.55,722.14,25.38,87.52,1,1,1
78,84,1098.90,722.22,25.24,86.97,1,1,1
79,84,1099.24,722.31,25.10,86.41,1,1,1
80,84,1099.59,722.40,24.97,85.86,1,1,1
81,84,1099.93,722.48,24.83,85.31,1,1,1
82,84,1100.28,722.57,24.69,84.76,1,1,1
83,84,1100.62,722.66,24.55,84.21,1,1,1
84,84,1100.97,722.74,24.41,83.66,1,1,1
85,84,1101.31,722.83,24.28,83.10,1,1,1
86,84,1101.66,722.91,24.14,82.55,1,1,1
87,84,1102.00,723.00,24.00,82.00,1,1,1
88,84,1098.00,725.00,28.00,98.00,1,1,1
89,84,1098.00,724.50,26.00,97.00,1,1,1
90,84,1098.00,724.50,24.00,87.00,1,1,1
91,84,1098.00,726.00,24.00,88.00,1,1,1
92,84,1098.00,726.00,24.00,88.00,1,1,1
93,84,1098.00,726.00,26.00,92.00,1,1,1
94,84,1098.00,727.00,24.00,88.00,1,1,1
95,84,1098.00,727.00,24.00,88.00,1,1,1
96,84,1098.00,727.00,24.00,88.00,1,1,1
97,84,1098.00,727.00,24.00,86.00,1,1,1
98,84,1098.00,727.50,24.00,86.00,1,1,1
99,84,1098.00,728.00,24.00,82.00,1,1,1
100,84,1098.00,728.00,24.00,82.00,1,1,1
101,84,1098.00,728.00,24.00,84.00,1,1,1
102,84,1100.00,729.00,24.00,86.00,1,1,1
103,84,1100.00,729.00,24.00,84.00,1,1,1
104,84,1100.00,729.00,24.00,80.00,1,1,1
105,84,1100.00,729.00,24.00,82.00,1,1,1
106,84,1100.00,729.00,24.00,82.00,1,1,1
107,84,1100.00,729.00,24.00,82.00,1,1,1
108,84,1100.00,729.00,24.00,82.00,1,1,1
109,84,1102.00,728.50,24.00,81.00,1,1,1
110,84,1102.00,728.00,24.00,81.00,1,1,1
111,84,1102.00,728.00,24.00,81.00,1,1,1
112,84,1102.00,728.00,24.00,84.00,1,1,1
113,84,1102.00,728.50,24.00,83.00,1,1,1
114,84,1102.00,729.00,24.00,82.00,1,1,1
115,84,1102.00,729.00,24.00,82.00,1,1,1
116,84,1102.00,729.00,24.00,90.00,1,1,1
117,84,1102.00,729.00,24.00,92.00,1,1,1
118,84,1101.00,728.50,26.00,93.00,1,1,1
119,84,1101.00,728.50,26.00,93.00,1,1,1
120,84,1102.00,728.00,24.00,90.00,1,1,1
121,84,1102.00,728.00,24.00,88.00,1,1,1
122,84,1102.00,727.00,26.00,92.00,1,1,1
123,84,1102.50,726.50,26.00,94.52,1,1,1
124,84,1103.00,726.00,26.00,97.00,1,1,1
125,84,1102.00,724.50,28.00,98.00,1,1,1
126,84,1102.00,725.00,28.00,96.00,1,1,1
127,84,1103.00,725.00,26.00,92.00,1,1,1
128,84,1102.00,726.00,28.00,94.00,1,1,1
129,84,1102.00,726.00,28.00,96.00,1,1,1
130,84,1102.00,727.00,28.00,96.00,1,1,1
131,84,1102.00,727.00,28.00,96.00,1,1,1
132,84,1102.00,728.00,30.00,112.00,1,1,1
133,84,1100.00,728.50,30.00,108.00,1,1,1
134,84,1102.00,728.00,28.00,106.00,1,1,1
135,84,1102.00,728.00,28.00,103.00,1,1,1
136,84,1110.00,728.50,28.00,107.00,1,1,1
137,84,1105.00,729.00,30.00,114.00,1,1,1
138,84,1104.73,729.09,29.82,112.55,1,1,1
139,84,1104.45,729.18,29.64,111.09,1,1,1
140,84,1104.18,729.27,29.45,109.64,1,1,1
141,84,1103.91,729.36,29.27,108.18,1,1,1
142,84,1103.64,729.45,29.09,106.73,1,1,1
143,84,1103.36,729.55,28.91,105.27,1,1,1
144,84,1103.09,729.64,28.73,103.82,1,1,1
145,84,1102.82,729.73,28.55,102.36,1,1,1
146,84,1102.55,729.82,28.36,100.91,1,1,1
147,84,1102.27,729.91,28.18,99.45,1,1,1
148,84,1102.00,730.00,28.00,98.00,1,1,1
149,84,1104.00,731.00,28.00,94.00,1,1,1
150,84,1102.00,731.50,28.00,93.00,1,1,1
151,84,1104.00,731.00,28.00,98.00,1,1,1
152,84,1104.00,731.50,28.00,100.00,1,1,1
153,84,1104.00,732.00,28.00,103.00,1,1,1
154,84,1103.00,733.00,28.00,100.00,1,1,1
155,84,1103.00,734.00,28.00,98.00,1,1,1
156,84,1104.00,734.00,28.00,102.00,1,1,1
157,84,1104.00,734.00,28.00,99.00,1,1,1
158,84,1104.00,734.00,28.00,100.00,1,1,1
159,84,1105.00,734.00,28.00,103.00,1,1,1
160,84,1106.00,734.50,28.00,105.00,1,1,1
161,84,1106.00,734.50,28.00,106.00,1,1,1
162,84,1106.00,734.00,28.00,106.00,1,1,1
163,84,1106.00,733.00,28.00,106.00,1,1,1
164,84,1106.00,733.00,28.00,105.00,1,1,1
165,84,1106.00,733.00,28.00,102.00,1,1,1
166,84,1107.00,733.00,28.00,101.00,1,1,1
167,84,1107.00,732.00,28.00,100.00,1,1,1
168,84,1108.00,732.50,28.00,98.00,1,1,1
169,84,1108.00,733.00,28.00,98.00,1,1,1
170,84,1108.00,732.00,28.00,100.00,1,1,1
171,84,1108.00,732.00,28.00,102.00,1,1,1
172,84,1108.00,732.50,28.00,102.00,1,1,1
173,84,1109.00,732.00,28.00,103.00,1,1,1
174,84,1109.00,732.00,28.00,103.00,1,1,1
175,84,1109.00,732.00,28.00,103.00,1,1,1
176,84,1110.00,731.00,28.00,104.00,1,1,1
177,84,1111.00,731.00,28.00,104.00,1,1,1
178,84,1111.00,730.50,28.00,104.00,1,1,1
179,84,1112.00,730.50,28.00,104.00,1,1,1
180,84,1114.00,731.00,28.00,105.00,1,1,1
181,84,1114.00,731.00,28.00,105.00,1,1,1
182,84,1116.00,731.50,30.00,105.00,1,1,1
183,84,1116.00,731.00,30.00,106.00,1,1,1
184,84,1118.00,731.50,30.00,109.00,1,1,1
185,84,1119.00,732.00,30.00,108.00,1,1,1
186,84,1118.00,732.00,32.00,109.00,1,1,1
187,84,1121.00,731.00,30.00,110.00,1,1,1
188,84,1124.00,731.00,28.00,110.00,1,1,1
189,84,1122.00,732.00,30.00,110.00,1,1,1
190,84,1122.00,731.00,32.00,112.00,1,1,1
191,84,1123.00,731.00,30.00,111.00,1,1,1
192,84,1122.00,731.00,32.00,111.00,1,1,1
193,84,1124.00,731.00,30.00,111.00,1,1,1
194,84,1122.00,732.00,32.00,111.00,1,1,1
195,84,1122.00,732.00,32.00,110.00,1,1,1
196,84,1122.00,732.50,32.00,110.00,1,1,1
197,84,1122.00,733.00,30.00,109.00,1,1,1
198,84,1122.00,733.00,32.00,110.00,1,1,1
199,84,1122.00,733.50,32.00,110.00,1,1,1
200,84,1122.00,734.00,32.00,110.00,1,1,1
201,84,1122.00,734.00,32.00,110.00,1,1,1
202,84,1123.00,733.00,30.00,110.00,1,1,1
203,84,1124.00,732.50,30.00,106.00,1,1,1
204,84,1124.00,733.00,28.00,103.00,1,1,1
205,84,1124.00,733.00,28.00,104.00,1,1,1
206,84,1124.00,735.00,28.00,102.00,1,1,1
207,84,1126.00,735.00,28.00,104.00,1,1,1
208,84,1126.00,735.00,28.00,106.00,1,1,1
209,84,1126.00,736.00,28.00,106.00,1,1,1
210,84,1126.00,737.00,28.00,104.00,1,1,1
211,84,1126.00,738.00,28.00,104.00,1,1,1
212,84,1126.00,737.00,30.00,106.00,1,1,1
213,84,1127.00,738.00,30.00,105.00,1,1,1
214,84,1129.00,737.00,30.00,108.00,1,1,1
215,84,1128.00,737.50,32.00,108.00,1,1,1
216,84,1128.00,736.00,32.00,110.00,1,1,1
217,84,1128.00,736.50,32.00,110.00,1,1,1
218,84,1128.00,737.00,32.00,110.00,1,1,1
219,84,1129.00,736.00,32.00,112.00,1,1,1
220,84,1132.00,735.00,32.00,113.00,1,1,1
221,84,1130.00,735.00,32.00,114.00,1,1,1
222,84,1128.00,736.00,32.00,114.00,1,1,1
223,84,1127.00,736.00,32.00,112.00,1,1,1
224,84,1126.00,738.00,32.00,112.00,1,1,1
225,84,1128.00,738.50,32.00,115.00,1,1,1
226,84,1128.14,738.57,32.00,114.57,1,1,1
227,84,1128.29,738.64,32.00,114.14,1,1,1
228,84,1128.43,738.71,32.00,113.71,1,1,1
229,84,1128.57,738.79,32.00,113.29,1,1,1
230,84,1128.71,738.86,32.00,112.86,1,1,1
231,84,1128.86,738.93,32.00,112.43,1,1,1
232,84,1129.00,739.00,32.00,112.00,1,1,1
233,84,1128.00,738.50,32.00,113.00,1,1,1
234,84,1129.00,738.00,32.00,114.00,1,1,1
235,84,1128.00,738.00,32.00,114.00,1,1,1
236,84,1128.00,740.00,32.00,114.00,1,1,1
237,84,1128.00,740.00,32.00,114.00,1,1,1
238,84,1126.00,739.00,32.00,116.00,1,1,1
239,84,1128.00,740.00,32.00,116.00,1,1,1
240,84,1132.00,741.00,32.00,114.00,1,1,1
241,84,1130.00,741.00,32.00,114.00,1,1,1
242,84,1130.00,741.00,32.00,114.00,1,1,1
243,84,1128.00,740.50,34.00,116.00,1,1,1
244,84,1128.00,740.50,34.00,116.00,1,1,1
245,84,1129.00,739.00,34.00,118.00,1,1,1
246,84,1130.00,739.00,32.00,118.00,1,1,1
247,84,1130.00,739.50,32.00,118.00,1,1,1
248,84,1130.00,739.50,32.00,117.00,1,1,1
249,84,1128.00,740.00,34.00,118.00,1,1,1
250,84,1128.00,740.50,34.00,120.00,1,1,1
251,84,1126.00,741.50,36.00,121.00,1,1,1
252,84,1127.00,741.50,34.00,121.00,1,1,1
253,84,1127.00,742.00,34.00,122.00,1,1,1
254,84,1127.00,742.00,34.00,122.00,1,1,1
255,84,1126.00,741.50,36.00,123.00,1,1,1
256,84,1126.00,740.00,36.00,125.00,1,1,1
257,84,1128.00,738.00,36.00,126.00,1,1,1
258,84,1128.00,739.00,36.00,126.00,1,1,1
259,84,1129.00,741.00,34.00,124.00,1,1,1
260,84,1128.00,741.00,36.00,126.00,1,1,1
261,84,1128.00,743.00,36.00,124.00,1,1,1
262,84,1128.00,743.00,36.00,124.00,1,1,1
263,84,1128.00,744.00,36.00,124.00,1,1,1
264,84,1128.00,744.00,36.00,124.00,1,1,1
265,84,1130.00,744.50,34.00,122.00,1,1,1
266,84,1131.00,745.00,34.00,121.00,1,1,1
267,84,1130.00,745.00,36.00,121.00,1,1,1
268,84,1130.00,745.00,36.00,120.00,1,1,1
269,84,1131.00,745.00,36.00,121.00,1,1,1
270,84,1132.00,745.00,36.00,121.00,1,1,1
271,84,1132.00,745.50,36.00,121.00,1,1,1
272,84,1130.00,746.00,38.00,122.00,1,1,1
273,84,1132.00,745.00,36.00,123.00,1,1,1
274,84,1131.00,745.00,38.00,124.00,1,1,1
275,84,1131.00,745.50,38.00,124.00,1,1,1
276,84,1131.00,745.50,38.00,124.00,1,1,1
277,84,1131.00,745.00,38.00,124.00,1,1,1
278,84,1132.00,746.00,36.00,124.00,1,1,1
279,84,1130.00,746.00,38.00,126.00,1,1,1
280,84,1130.00,745.50,38.00,127.00,1,1,1
281,84,1130.00,745.00,38.00,128.00,1,1,1
282,84,1129.00,745.50,38.00,128.00,1,1,1
283,84,1130.00,744.50,36.00,129.00,1,1,1
284,84,1128.00,744.50,36.00,130.00,1,1,1
285,84,1128.00,744.00,36.00,130.00,1,1,1
286,84,1128.00,743.00,36.00,131.00,1,1,1
287,84,1128.00,741.00,36.00,132.00,1,1,1
288,84,1127.00,741.00,36.00,132.00,1,1,1
289,84,1126.00,741.00,36.00,133.00,1,1,1
290,84,1127.00,740.50,36.00,132.00,1,1,1
291,84,1126.00,740.50,36.00,132.00,1,1,1
292,84,1126.00,740.50,36.00,132.00,1,1,1
293,84,1126.00,741.00,36.00,132.00,1,1,1
294,84,1126.00,741.00,36.00,134.00,1,1,1
295,84,1126.00,741.00,36.00,134.00,1,1,1
296,84,1126.00,742.00,36.00,134.00,1,1,1
297,84,1127.00,743.00,36.00,134.00,1,1,1
298,84,1128.00,743.00,36.00,135.00,1,1,1
299,84,1128.00,743.50,36.00,134.00,1,1,1
300,84,1128.00,744.00,36.00,133.00,1,1,1
301,84,1128.00,744.00,38.00,134.00,1,1,1
302,84,1130.00,745.00,36.00,134.00,1,1,1
303,84,1129.00,745.50,38.00,133.00,1,1,1
304,84,1130.00,745.50,36.00,133.00,1,1,1
305,84,1130.00,746.00,38.00,132.00,1,1,1
306,84,1130.00,745.00,38.00,134.00,1,1,1
307,84,1130.00,745.50,40.00,133.00,1,1,1
308,84,1130.00,745.50,40.00,134.00,1,1,1
309,84,1130.00,745.50,40.00,135.00,1,1,1
310,84,1130.00,746.00,40.00,134.00,1,1,1
311,84,1130.00,746.00,40.00,136.00,1,1,1
312,84,1132.00,746.50,40.00,136.00,1,1,1
313,84,1132.00,747.00,38.00,136.00,1,1,1
314,84,1132.00,747.00,40.00,137.00,1,1,1
315,84,1132.00,748.00,40.00,136.00,1,1,1
316,84,1132.00,748.50,40.00,136.00,1,1,1
317,84,1132.00,747.00,40.00,138.00,1,1,1
318,84,1132.00,747.00,38.00,138.00,1,1,1
319,84,1130.00,748.00,40.00,137.00,1,1,1
320,84,1130.00,747.00,40.00,138.00,1,1,1
321,84,1132.00,747.00,40.00,138.00,1,1,1
322,84,1132.00,747.00,40.00,138.00,1,1,1
323,84,1132.00,748.00,40.00,137.00,1,1,1
324,84,1132.00,748.00,40.00,136.00,1,1,1
325,84,1132.00,749.00,40.00,136.00,1,1,1
326,84,1132.00,749.00,40.00,136.00,1,1,1
327,84,1132.00,749.00,40.00,136.00,1,1,1
328,84,1132.00,749.00,40.00,136.00,1,1,1
329,84,1132.00,750.00,40.00,136.00,1,1,1
330,84,1133.00,750.00,40.00,135.00,1,1,1
331,84,1134.00,751.00,40.00,133.00,1,1,1
332,84,1134.00,751.00,40.00,134.00,1,1,1
333,84,1135.00,751.50,40.00,134.00,1,1,1
334,84,1136.00,752.00,40.00,134.00,1,1,1
335,84,1135.00,752.50,42.00,133.00,1,1,1
336,84,1138.00,752.50,40.00,135.00,1,1,1
337,84,1138.00,753.50,42.00,136.00,1,1,1
338,84,1139.00,754.00,42.00,139.00,1,1,1
339,84,1138.00,754.00,44.00,140.00,1,1,1
340,84,1138.00,753.00,44.00,142.00,1,1,1
341,84,1140.00,753.00,44.00,144.00,1,1,1
342,84,1140.00,754.00,44.00,143.00,1,1,1
343,84,1140.00,754.00,44.00,141.00,1,1,1
344,84,1140.00,755.00,44.00,142.00,1,1,1
345,84,1140.00,756.50,44.00,141.00,1,1,1
346,84,1140.00,758.00,44.00,142.00,1,1,1
347,84,1142.00,757.50,42.00,141.00,1,1,1
348,84,1142.00,757.00,42.00,140.00,1,1,1
349,84,1142.00,757.50,40.00,139.00,1,1,1
350,84,1141.00,758.00,42.00,138.00,1,1,1
351,84,1142.00,758.50,40.00,137.00,1,1,1
352,84,1142.00,757.00,40.00,138.00,1,1,1
353,84,1142.00,756.00,40.00,140.00,1,1,1
354,84,1142.00,755.00,40.00,140.00,1,1,1
355,84,1142.00,755.00,40.00,140.00,1,1,1
356,84,1142.00,755.00,40.00,141.00,1,1,1
357,84,1142.00,755.00,40.00,142.00,1,1,1
358,84,1142.00,755.00,40.00,142.00,1,1,1
359,84,1142.00,755.50,40.00,142.00,1,1,1
360,84,1141.00,756.00,42.00,145.00,1,1,1
361,84,1141.00,756.50,42.00,146.00,1,1,1
362,84,1141.00,757.00,42.00,146.00,1,1,1
363,84,1141.00,758.00,42.00,145.00,1,1,1
364,84,1140.00,757.50,44.00,146.00,1,1,1
365,84,1142.00,758.00,42.00,146.00,1,1,1
366,84,1142.00,758.00,42.00,146.00,1,1,1
367,84,1142.00,759.00,44.00,146.00,1,1,1
368,84,1143.00,761.00,42.00,144.00,1,1,1
369,84,1144.00,761.00,42.00,144.00,1,1,1
370,84,1144.00,762.00,44.00,144.00,1,1,1
371,84,1144.00,762.00,44.00,144.00,1,1,1
372,84,1146.00,762.00,42.00,146.00,1,1,1
373,84,1146.00,763.00,44.00,146.00,1,1,1
374,84,1146.00,762.50,44.00,150.00,1,1,1
375,84,1146.00,763.00,42.00,150.00,1,1,1
376,84,1144.00,763.00,44.00,150.00,1,1,1
377,84,1144.00,763.00,44.00,149.00,1,1,1
378,84,1144.00,763.00,44.00,148.00,1,1,1
379,84,1144.00,763.50,44.00,147.00,1,1,1
380,84,1144.00,763.00,44.00,148.00,1,1,1
381,84,1144.00,763.00,44.00,148.00,1,1,1
382,84,1144.00,764.00,44.00,148.00,1,1,1
383,84,1143.00,764.00,44.00,147.00,1,1,1
384,84,1142.00,764.00,44.00,148.00,1,1,1
385,84,1141.00,764.00,46.00,150.00,1,1,1
386,84,1142.00,765.00,44.00,150.00,1,1,1
387,84,1140.00,765.00,46.00,150.00,1,1,1
388,84,1140.00,764.50,44.00,149.00,1,1,1
389,84,1139.00,764.00,44.00,150.00,1,1,1
390,84,1136.00,765.50,44.00,152.00,1,1,1
391,84,1136.00,766.00,44.00,150.00,1,1,1
392,84,1136.00,767.00,44.00,150.00,1,1,1
393,84,1134.00,767.00,46.00,151.00,1,1,1
394,84,1134.00,767.00,44.00,152.00,1,1,1
395,84,1134.00,767.00,44.00,152.00,1,1,1
396,84,1134.00,767.00,44.00,152.00,1,1,1
397,84,1133.00,768.00,44.00,152.00,1,1,1
398,84,1133.00,768.00,44.00,152.00,1,1,1
399,84,1132.00,768.00,44.00,154.00,1,1,1
400,84,1133.00,768.00,42.00,154.00,1,1,1
401,84,1132.00,769.00,42.00,154.00,1,1,1
402,84,1132.00,769.00,42.00,154.00,1,1,1
403,84,1132.00,771.00,42.00,152.00,1,1,1
404,84,1130.00,771.50,44.00,153.00,1,1,1
405,84,1130.00,772.00,44.00,153.00,1,1,1
406,84,1130.00,770.00,44.00,158.00,1,1,1
407,84,1130.00,770.00,44.00,160.00,1,1,1
408,84,1130.00,771.00,44.00,160.00,1,1,1
409,84,1130.00,771.00,44.00,160.00,1,1,1
410,84,1129.00,770.00,44.00,160.00,1,1,1
411,84,1127.00,770.50,46.00,157.00,1,1,1
412,84,1124.00,771.00,48.00,157.00,1,1,1
413,84,1124.00,771.00,48.00,157.00,1,1,1
414,84,1124.00,771.00,48.00,157.00,1,1,1
415,84,1124.00,771.00,48.00,158.00,1,1,1
416,84,1123.00,771.00,48.00,158.00,1,1,1
417,84,1122.00,771.50,48.00,158.00,1,1,1
418,84,1122.00,772.00,48.00,158.00,1,1,1
419,84,1120.00,773.00,48.00,158.00,1,1,1
420,84,1119.00,773.00,48.00,158.00,1,1,1
421,84,1119.00,773.00,48.00,158.00,1,1,1
422,84,1119.00,773.00,48.00,158.00,1,1,1
423,84,1118.00,773.50,48.00,159.00,1,1,1
424,84,1118.00,773.50,48.00,159.00,1,1,1
425,84,1118.00,774.00,48.00,159.00,1,1,1
426,84,1118.00,774.00,48.00,160.00,1,1,1
427,84,1118.00,774.00,46.00,160.00,1,1,1
428,84,1118.00,776.00,48.00,159.00,1,1,1
429,84,1118.00,775.00,46.00,162.00,1,1,1
430,84,1118.00,775.50,46.00,162.00,1,1,1
431,84,1118.00,776.00,46.00,162.00,1,1,1
432,84,1118.00,776.50,46.00,162.00,1,1,1
433,84,1118.00,776.00,44.00,162.00,1,1,1
434,84,1118.00,776.00,44.00,162.00,1,1,1
435,84,1118.00,776.00,44.00,162.00,1,1,1
436,84,1118.00,776.00,46.00,162.00,1,1,1
437,84,1118.00,777.00,46.00,160.00,1,1,1
438,84,1118.00,777.00,46.00,160.00,1,1,1
439,84,1118.00,777.00,46.00,161.00,1,1,1
440,84,1118.00,776.00,46.00,162.00,1,1,1
441,84,1116.00,776.00,48.00,162.00,1,1,1
442,84,1116.00,776.00,48.00,162.00,1,1,1
443,84,1116.00,776.00,48.00,162.00,1,1,1
444,84,1116.00,775.00,48.00,164.00,1,1,1
445,84,1116.00,775.00,48.00,164.00,1,1,1
446,84,1116.00,775.00,48.00,164.00,1,1,1
447,84,1116.00,776.00,48.00,163.00,1,1,1
448,84,1116.00,776.00,48.00,164.00,1,1,1
449,84,1115.00,776.00,48.00,164.00,1,1,1
450,84,1114.00,776.50,48.00,164.00,1,1,1
451,84,1114.00,777.50,48.00,163.00,1,1,1
452,84,1114.00,778.00,48.00,162.00,1,1,1
453,84,1114.00,780.00,48.00,159.00,1,1,1
454,84,1113.00,782.00,48.00,157.00,1,1,1
455,84,1112.00,784.00,48.00,156.00,1,1,1
456,84,1112.00,786.00,48.00,153.00,1,1,1
457,84,1112.00,787.00,48.00,152.00,1,1,1
458,84,1112.00,784.00,48.00,155.00,1,1,1
459,84,1112.00,785.00,48.00,154.00,1,1,1
460,84,1112.00,786.00,48.00,154.00,1,1,1
461,84,1111.00,785.00,46.00,156.00,1,1,1
462,84,1111.00,788.00,46.00,155.00,1,1,1
463,84,1112.00,788.00,44.00,156.00,1,1,1
464,84,1110.00,787.00,46.00,158.00,1,1,1
465,84,1112.00,785.00,44.00,160.00,1,1,1
466,84,1112.00,787.00,44.00,158.00,1,1,1
467,84,1112.00,787.00,44.00,158.00,1,1,1
468,84,1110.00,786.50,46.00,159.00,1,1,1
469,84,1110.00,787.00,46.00,158.00,1,1,1
470,84,1110.00,786.00,46.00,160.00,1,1,1
471,84,1110.00,786.00,46.00,160.00,1,1,1
472,84,1110.00,787.00,46.00,160.00,1,1,1
473,84,1112.00,786.50,44.00,160.00,1,1,1
474,84,1110.00,786.00,46.00,160.00,1,1,1
475,84,1110.00,786.00,46.00,160.00,1,1,1
476,84,1110.00,786.00,46.00,160.00,1,1,1
477,84,1112.00,786.00,44.00,160.00,1,1,1
478,84,1110.00,786.00,46.00,160.00,1,1,1
479,84,1110.00,786.00,46.00,160.00,1,1,1
480,84,1110.00,785.50,46.00,161.00,1,1,1
481,84,1110.00,784.00,46.00,162.00,1,1,1
482,84,1110.00,785.00,46.00,162.00,1,1,1
483,84,1110.00,784.00,46.00,162.00,1,1,1
484,84,1110.00,784.00,46.00,162.00,1,1,1
485,84,1110.00,783.00,46.00,164.00,1,1,1
486,84,1110.00,783.00,46.00,164.00,1,1,1
487,84,1110.00,783.00,46.00,164.00,1,1,1
488,84,1110.00,783.50,46.00,164.00,1,1,1
489,84,1110.00,783.00,46.00,164.00,1,1,1
490,84,1110.00,783.00,46.00,164.00,1,1,1
491,84,1110.00,783.00,48.00,164.00,1,1,1
492,84,1110.00,783.00,48.00,164.00,1,1,1
493,84,1110.00,783.00,48.00,164.00,1,1,1
494,84,1110.00,783.00,48.00,164.00,1,1,1
495,84,1110.00,783.00,48.00,164.00,1,1,1
496,84,1110.00,783.00,48.00,164.00,1,1,1
497,84,1110.00,783.00,48.00,164.00,1,1,1
498,84,1110.00,783.00,48.00,164.00,1,1,1
499,84,1110.00,784.00,48.00,164.00,1,1,1
500,84,1110.00,783.00,46.00,164.00,1,1,1
501,84,1110.00,784.50,46.00,163.00,1,1,1
502,84,1110.00,784.50,46.00,163.00,1,1,1
503,84,1110.00,784.00,46.00,163.00,1,1,1
504,84,1110.00,783.00,46.00,164.00,1,1,1
505,84,1110.00,783.00,46.00,164.00,1,1,1
506,84,1110.00,783.00,48.00,164.00,1,1,1
507,84,1110.00,784.00,46.00,162.00,1,1,1
508,84,1110.00,784.00,46.00,162.00,1,1,1
509,84,1110.00,784.00,46.00,162.00,1,1,1
510,84,1110.00,784.00,46.00,163.00,1,1,1
511,84,1110.00,784.00,46.00,162.00,1,1,1
512,84,1110.00,784.00,46.00,163.00,1,1,1
513,84,1110.00,784.00,46.00,164.00,1,1,1
514,84,1110.00,784.00,46.00,163.00,1,1,1
515,84,1110.00,784.00,46.00,163.00,1,1,1
516,84,1110.00,785.00,46.00,162.00,1,1,1
517,84,1110.00,785.00,46.00,162.00,1,1,1
518,84,1110.00,787.00,46.00,160.00,1,1,1
519,84,1110.00,787.00,46.00,160.00,1,1,1
520,84,1110.00,785.00,46.00,162.00,1,1,1
521,84,1110.00,785.00,46.00,162.00,1,1,1
522,84,1110.00,785.50,46.00,161.00,1,1,1
523,84,1110.00,786.00,46.00,161.00,1,1,1
524,84,1110.00,787.00,46.00,160.00,1,1,1
525,84,1110.00,785.00,46.00,162.00,1,1,1
526,84,1110.00,785.00,46.00,162.00,1,1,1
527,84,1110.00,784.00,46.00,163.00,1,1,1
528,84,1110.00,785.00,46.00,162.00,1,1,1
529,84,1110.00,785.00,46.00,162.00,1,1,1
530,84,1110.00,785.00,46.00,162.00,1,1,1
531,84,1110.00,785.00,46.00,162.00,1,1,1
532,84,1110.00,784.00,46.00,163.00,1,1,1
533,84,1110.00,784.00,46.00,163.00,1,1,1
534,84,1110.00,783.00,46.00,164.00,1,1,1
535,84,1110.00,783.50,46.00,164.00,1,1,1
536,84,1110.00,783.00,46.00,164.00,1,1,1
537,84,1110.00,783.00,46.00,164.00,1,1,1
538,84,1110.00,783.00,46.00,164.00,1,1,1
539,84,1110.00,783.00,46.00,164.00,1,1,1
540,84,1110.00,783.00,46.00,164.00,1,1,1
541,84,1110.00,783.00,46.00,164.00,1,1,1
542,84,1110.00,782.50,46.00,165.00,1,1,1
543,84,1110.00,783.00,46.00,164.00,1,1,1
544,84,1110.00,782.00,48.00,165.00,1,1,1
545,84,1110.00,782.00,48.00,166.00,1,1,1
546,84,1110.00,781.50,48.00,166.00,1,1,1
547,84,1110.00,782.00,48.00,166.00,1,1,1
548,84,1110.00,783.00,48.00,164.00,1,1,1
549,84,1110.00,782.00,48.00,165.00,1,1,1
550,84,1110.00,782.00,48.00,166.00,1,1,1
551,84,1110.00,784.50,46.00,164.00,1,1,1
552,84,1110.00,782.00,46.00,166.00,1,1,1
553,84,1110.00,782.00,46.00,166.00,1,1,1
554,84,1110.00,782.00,48.00,166.00,1,1,1
555,84,1110.00,782.00,48.00,166.00,1,1,1
556,84,1110.00,782.00,48.00,166.00,1,1,1
557,84,1110.00,782.00,48.00,166.00,1,1,1
558,84,1110.00,781.00,48.00,167.00,1,1,1
559,84,1110.00,780.00,48.00,168.00,1,1,1
560,84,1110.00,781.00,46.00,168.00,1,1,1
561,84,1110.00,781.00,46.00,167.00,1,1,1
562,84,1110.00,781.50,48.00,167.00,1,1,1
563,84,1110.00,781.00,46.00,168.00,1,1,1
564,84,1110.00,781.00,48.00,168.00,1,1,1
565,84,1110.00,781.00,48.00,168.00,1,1,1
566,84,1110.00,781.00,46.00,166.00,1,1,1
567,84,1110.00,782.00,46.00,166.00,1,1,1
568,84,1110.00,782.00,46.00,166.00,1,1,1
569,84,1110.00,782.00,46.00,166.00,1,1,1
570,84,1110.00,782.00,46.00,166.00,1,1,1
571,84,1110.00,782.00,46.00,166.00,1,1,1
572,84,1110.00,782.00,46.00,166.00,1,1,1
573,84,1110.00,782.00,46.00,166.00,1,1,1
574,84,1110.00,782.00,46.00,166.00,1,1,1
575,84,1110.00,782.00,46.00,166.00,1,1,1
576,84,1110.00,782.00,46.00,166.00,1,1,1
577,84,1110.00,782.00,46.00,166.00,1,1,1
578,84,1110.00,782.00,46.00,166.00,1,1,1
579,84,1110.00,782.00,46.00,166.00,1,1,1
580,84,1110.00,782.00,46.00,166.00,1,1,1
581,84,1110.00,782.00,46.00,166.00,1,1,1
582,84,1110.00,781.00,46.00,168.00,1,1,1
583,84,1110.00,781.00,46.00,167.00,1,1,1
584,84,1110.00,781.00,46.00,168.00,1,1,1
585,84,1110.00,781.00,46.00,168.00,1,1,1
586,84,1110.00,781.00,48.00,167.00,1,1,1
587,84,1110.00,782.00,46.00,166.00,1,1,1
588,84,1110.00,782.00,48.00,166.00,1,1,1
589,84,1110.00,782.00,46.00,166.00,1,1,1
590,84,1110.00,782.00,46.00,166.00,1,1,1
591,84,1110.00,782.00,46.00,166.00,1,1,1
592,84,1110.00,782.50,46.00,166.00,1,1,1
593,84,1110.00,782.50,48.00,166.00,1,1,1
594,84,1110.00,782.50,46.00,166.00,1,1,1
595,84,1110.00,782.50,46.00,166.00,1,1,1
596,84,1110.00,781.50,48.00,167.00,1,1,1
597,84,1110.00,781.50,48.00,167.00,1,1,1
598,84,1110.00,782.00,48.00,166.00,1,1,1
599,84,1110.00,782.00,48.00,167.00,1,1,1
600,84,1110.00,782.00,48.00,166.00,1,1,1
601,84,1110.00,782.00,46.00,166.00,1,1,1
602,84,1110.00,782.00,46.00,166.00,1,1,1
603,84,1110.00,782.00,46.00,166.00,1,1,1
604,84,1110.00,782.00,46.00,166.00,1,1,1
605,84,1110.00,781.00,46.00,167.00,1,1,1
606,84,1110.00,781.00,46.00,167.00,1,1,1
607,84,1110.00,782.00,46.00,166.00,1,1,1
608,84,1110.00,782.00,46.00,166.00,1,1,1
609,84,1110.00,782.00,46.00,166.00,1,1,1
610,84,1110.00,784.00,46.00,164.00,1,1,1
611,84,1110.00,784.00,46.00,164.00,1,1,1
612,84,1110.00,784.00,46.00,164.00,1,1,1
613,84,1110.00,783.50,46.00,165.00,1,1,1
614,84,1108.00,784.50,48.00,164.00,1,1,1
615,84,1110.00,784.50,46.00,164.00,1,1,1
616,84,1110.00,785.00,48.00,164.00,1,1,1
617,84,1110.00,782.00,48.00,167.00,1,1,1
618,84,1109.00,785.00,48.00,164.00,1,1,1
619,84,1109.00,782.00,48.00,167.00,1,1,1
620,84,1108.00,784.00,48.00,165.00,1,1,1
621,84,1110.00,784.00,46.00,165.00,1,1,1
622,84,1110.00,781.00,48.00,168.00,1,1,1
623,84,1110.00,782.00,46.00,167.00,1,1,1
624,84,1110.00,784.00,46.00,165.00,1,1,1
625,84,1110.00,781.00,46.00,168.00,1,1,1
626,84,1110.00,781.00,46.00,168.00,1,1,1
627,84,1110.00,783.00,46.00,166.00,1,1,1
628,84,1110.00,783.00,46.00,166.00,1,1,1
629,84,1110.00,784.00,46.00,165.00,1,1,1
630,84,1110.00,781.00,48.00,168.00,1,1,1
631,84,1110.00,781.00,48.00,168.00,1,1,1
632,84,1110.00,781.00,48.00,168.00,1,1,1
633,84,1110.00,781.00,48.00,168.00,1,1,1
634,84,1110.00,781.00,48.00,168.00,1,1,1
635,84,1110.00,783.00,48.00,166.00,1,1,1
636,84,1110.00,783.00,48.00,166.00,1,1,1
637,84,1110.00,783.00,48.00,166.00,1,1,1
638,84,1110.00,782.00,48.00,166.00,1,1,1
639,84,1110.00,784.00,46.00,165.00,1,1,1
640,84,1110.00,784.00,46.00,165.00,1,1,1
641,84,1110.00,784.00,46.00,165.00,1,1,1
642,84,1110.00,783.00,46.00,166.00,1,1,1
643,84,1110.00,782.00,46.00,167.00,1,1,1
644,84,1110.00,781.00,48.00,168.00,1,1,1
645,84,1110.00,781.00,48.00,168.00,1,1,1
646,84,1110.00,781.00,48.00,168.00,1,1,1
647,84,1110.00,781.00,48.00,168.00,1,1,1
648,84,1110.00,781.00,48.00,168.00,1,1,1
649,84,1110.00,781.50,48.00,167.00,1,1,1
650,84,1110.00,781.50,48.00,167.00,1,1,1
651,84,1110.00,782.00,46.00,166.00,1,1,1
652,84,1110.00,782.00,46.00,166.00,1,1,1
653,84,1110.00,782.00,46.00,166.00,1,1,1
654,84,1110.00,783.00,46.00,166.00,1,1,1
655,84,1110.00,784.00,46.00,164.00,1,1,1
656,84,1110.00,783.00,46.00,165.00,1,1,1
657,84,1110.00,783.00,46.00,165.00,1,1,1
658,84,1110.00,782.00,46.00,166.00,1,1,1
659,84,1110.00,782.00,46.00,166.00,1,1,1
660,84,1110.00,782.00,46.00,166.00,1,1,1
661,84,1110.00,782.00,46.00,166.00,1,1,1
662,84,1110.00,782.00,46.00,166.00,1,1,1
663,84,1110.00,782.00,46.00,166.00,1,1,1
664,84,1110.00,782.50,46.00,166.00,1,1,1
665,84,1110.00,782.00,46.00,166.00,1,1,1
666,84,1110.00,782.50,46.00,166.00,1,1,1
667,84,1110.00,782.00,46.00,166.00,1,1,1
668,84,1110.00,782.00,48.00,166.00,1,1,1
669,84,1110.00,782.00,46.00,166.00,1,1,1
670,84,1110.00,782.00,46.00,166.00,1,1,1
671,84,1110.00,782.00,46.00,166.00,1,1,1
672,84,1110.00,782.00,46.00,166.00,1,1,1
673,84,1110.00,782.00,46.00,166.00,1,1,1
674,84,1110.00,782.00,46.00,166.00,1,1,1
675,84,1110.00,782.00,46.00,166.00,1,1,1
676,84,1110.00,782.00,46.00,166.00,1,1,1
677,84,1110.00,782.00,46.00,166.00,1,1,1
678,84,1110.00,782.00,46.00,166.00,1,1,1
679,84,1110.00,782.00,48.00,166.00,1,1,1
680,84,1110.00,782.00,48.00,166.00,1,1,1
681,84,1110.00,783.00,48.00,165.00,1,1,1
682,84,1110.00,783.00,48.00,165.00,1,1,1
683,84,1110.00,783.00,48.00,165.00,1,1,1
684,84,1110.00,783.00,48.00,165.00,1,1,1
685,84,1110.00,782.50,48.00,165.00,1,1,1
686,84,1110.00,782.50,46.00,165.00,1,1,1
687,84,1110.00,782.50,46.00,165.00,1,1,1
688,84,1110.00,782.50,46.00,165.00,1,1,1
689,84,1110.00,782.50,46.00,165.00,1,1,1
690,84,1110.00,783.00,46.00,165.00,1,1,1
691,84,1110.00,784.00,46.00,164.00,1,1,1
692,84,1110.00,782.00,46.00,166.00,1,1,1
693,84,1110.00,782.00,46.00,166.00,1,1,1
694,84,1110.00,782.00,46.00,166.00,1,1,1
695,84,1110.00,782.00,48.00,166.00,1,1,1
696,84,1110.00,782.00,48.00,166.00,1,1,1
697,84,1110.00,783.00,48.00,166.00,1,1,1
698,84,1110.00,784.00,48.00,164.00,1,1,1
699,84,1110.00,784.50,48.00,164.00,1,1,1
700,84,1110.00,783.50,48.00,165.00,1,1,1
701,84,1110.00,786.00,46.00,162.00,1,1,1
702,84,1110.00,786.00,46.00,162.00,1,1,1
703,84,1110.00,786.00,46.00,162.00,1,1,1
704,84,1110.00,786.00,46.00,162.00,1,1,1
705,84,1110.00,786.00,48.00,163.00,1,1,1
706,84,1110.00,784.00,48.00,164.00,1,1,1
707,84,1110.00,783.00,48.00,165.00,1,1,1
708,84,1110.00,783.00,48.00,165.00,1,1,1
709,84,1110.00,784.00,46.00,164.00,1,1,1
710,84,1110.00,785.00,46.00,163.00,1,1,1
711,84,1110.00,785.00,46.00,163.00,1,1,1
712,84,1110.00,785.00,46.00,163.00,1,1,1
713,84,1110.00,784.50,46.00,163.00,1,1,1
714,84,1110.00,785.00,46.00,162.00,1,1,1
715,84,1110.00,785.00,46.00,162.00,1,1,1
716,84,1110.00,785.00,46.00,162.00,1,1,1
717,84,1110.00,785.00,46.00,162.00,1,1,1
718,84,1110.00,785.00,46.00,162.00,1,1,1
719,84,1110.00,785.00,46.00,162.00,1,1,1
720,84,1110.00,784.50,46.00,163.00,1,1,1
721,84,1110.00,784.00,46.00,164.00,1,1,1
722,84,1110.00,784.00,46.00,164.00,1,1,1
723,84,1110.00,786.00,46.00,162.00,1,1,1
724,84,1112.00,786.00,44.00,162.00,1,1,1
725,84,1110.00,786.00,46.00,160.00,1,1,1
726,84,1110.00,785.00,46.00,161.00,1,1,1
727,84,1109.00,787.00,46.00,158.00,1,1,1
728,84,1109.00,788.00,46.00,158.00,1,1,1
729,84,1109.00,786.00,46.00,160.00,1,1,1
730,84,1109.00,786.50,46.00,160.00,1,1,1
731,84,1109.00,786.00,46.00,160.00,1,1,1
732,84,1109.00,785.00,46.00,161.00,1,1,1
733,84,1109.00,786.00,46.00,160.00,1,1,1
734,84,1109.00,786.00,46.00,160.00,1,1,1
735,84,1109.00,786.00,46.00,160.00,1,1,1
736,84,1109.00,786.00,46.00,160.00,1,1,1
737,84,1109.00,786.00,46.00,160.00,1,1,1
738,84,1109.00,786.00,46.00,160.00,1,1,1
739,84,1109.00,785.50,46.00,161.00,1,1,1
740,84,1109.00,785.50,46.00,160.00,1,1,1
741,84,1109.00,785.00,46.00,161.00,1,1,1
742,84,1109.00,785.00,46.00,161.00,1,1,1
743,84,1109.00,784.00,46.00,162.00,1,1,1
744,84,1109.00,784.00,46.00,162.00,1,1,1
745,84,1109.00,785.00,46.00,161.00,1,1,1
746,84,1109.00,784.00,46.00,162.00,1,1,1
747,84,1109.00,791.00,46.00,156.00,1,1,1
748,84,1109.00,792.00,46.00,154.00,1,1,1
749,84,1110.00,787.00,44.00,159.00,1,1,1
750,84,1110.00,787.00,44.00,158.00,1,1,1
751,84,1110.00,787.00,44.00,158.00,1,1,1
752,84,1109.00,786.00,46.00,158.00,1,1,1
753,84,1109.00,787.00,46.00,158.00,1,1,1
754,84,1109.00,786.00,46.00,158.00,1,1,1
755,84,1109.00,786.00,46.00,160.00,1,1,1
756,84,1110.00,785.50,46.00,160.00,1,1,1
757,84,1110.00,785.00,46.00,160.00,1,1,1
758,84,1110.00,784.50,46.00,161.00,1,1,1
759,84,1110.00,784.50,46.00,161.00,1,1,1
760,84,1110.00,784.50,46.00,161.00,1,1,1
761,84,1110.00,784.00,46.00,162.00,1,1,1
762,84,1110.00,784.00,46.00,162.00,1,1,1
763,84,1108.00,783.50,48.00,162.00,1,1,1
764,84,1109.00,784.00,46.00,160.00,1,1,1
765,84,1110.00,784.00,44.00,160.00,1,1,1
766,84,1110.00,784.50,44.00,160.00,1,1,1
767,84,1110.00,785.00,44.00,160.00,1,1,1
768,84,1110.00,785.00,44.00,160.00,1,1,1
769,84,1108.00,785.00,46.00,160.00,1,1,1
770,84,1108.00,785.00,46.00,160.00,1,1,1
771,84,1108.00,784.00,46.00,162.00,1,1,1
772,84,1108.00,783.00,46.00,162.00,1,1,1
773,84,1108.00,783.00,46.00,162.00,1,1,1
774,84,1108.00,783.00,44.00,162.00,1,1,1
775,84,1108.00,783.00,44.00,161.00,1,1,1
776,84,1108.00,783.00,44.00,161.00,1,1,1
777,84,1108.00,782.00,44.00,162.00,1,1,1
778,84,1108.00,783.00,44.00,160.00,1,1,1
779,84,1108.00,783.00,44.00,161.00,1,1,1
780,84,1108.00,782.00,44.00,162.00,1,1,1
781,84,1108.00,782.50,44.00,162.00,1,1,1
782,84,1108.00,782.00,44.00,162.00,1,1,1
783,84,1108.00,783.00,44.00,162.00,1,1,1
784,84,1108.00,782.00,44.00,162.00,1,1,1
785,84,1107.00,781.00,46.00,162.00,1,1,1
786,84,1108.00,782.00,44.00,161.00,1,1,1
787,84,1108.00,782.00,44.00,164.00,1,1,1
788,84,1108.00,782.50,44.00,163.00,1,1,1
789,84,1108.00,782.00,44.00,163.00,1,1,1
790,84,1108.00,783.00,44.00,162.00,1,1,1
791,84,1108.00,782.00,44.00,163.00,1,1,1
792,84,1108.00,783.00,44.00,162.00,1,1,1
793,84,1108.00,783.00,44.00,162.00,1,1,1
794,84,1108.00,783.50,44.00,162.00,1,1,1
795,84,1108.00,784.00,44.00,162.00,1,1,1
796,84,1108.00,785.00,46.00,160.00,1,1,1
797,84,1110.00,785.50,44.00,160.00,1,1,1
798,84,1108.00,786.00,46.00,160.00,1,1,1
799,84,1110.00,785.00,44.00,160.00,1,1,1
800,84,1108.00,785.00,44.00,160.00,1,1,1
801,84,1108.00,784.00,44.00,160.00,1,1,1
802,84,1108.00,784.50,44.00,160.00,1,1,1
803,84,1108.00,784.50,46.00,160.00,1,1,1
804,84,1108.00,784.00,44.00,160.00,1,1,1
805,84,1108.00,784.00,44.00,160.00,1,1,1
806,84,1108.00,784.00,44.00,160.00,1,1,1
807,84,1108.00,784.00,44.00,160.00,1,1,1
808,84,1108.00,784.00,44.00,160.00,1,1,1
809,84,1108.00,784.00,44.00,160.00,1,1,1
810,84,1108.00,784.00,44.00,160.00,1,1,1
811,84,1108.00,783.00,44.00,160.00,1,1,1
812,84,1108.00,783.00,44.00,160.00,1,1,1
813,84,1108.00,783.50,44.00,161.00,1,1,1
814,84,1108.00,783.00,44.00,162.00,1,1,1
815,84,1108.00,784.00,44.00,161.00,1,1,1
816,84,1108.00,783.50,46.00,160.00,1,1,1
817,84,1110.00,784.00,44.00,161.00,1,1,1
818,84,1110.00,784.00,44.00,162.00,1,1,1
819,84,1108.00,783.00,46.00,161.00,1,1,1
820,84,1108.00,783.00,46.00,161.00,1,1,1
821,84,1108.00,783.00,46.00,161.00,1,1,1
822,84,1108.00,783.00,46.00,162.00,1,1,1
823,84,1110.00,784.00,44.00,162.00,1,1,1
824,84,1110.00,784.00,44.00,162.00,1,1,1
825,84,1109.00,783.50,46.00,163.00,1,1,1
826,84,1109.00,783.00,46.00,164.00,1,1,1
827,84,1109.00,783.00,46.00,164.00,1,1,1
828,84,1109.00,784.00,46.00,164.00,1,1,1
829,84,1108.00,784.00,48.00,164.00,1,1,1
830,84,1108.00,785.50,48.00,162.00,1,1,1
831,84,1108.00,785.50,48.00,162.00,1,1,1
832,84,1108.00,786.00,48.00,162.00,1,1,1
833,84,1108.00,786.00,48.00,162.00,1,1,1
834,84,1108.00,786.00,48.00,162.00,1,1,1
835,84,1108.00,786.00,48.00,162.00,1,1,1
836,84,1108.00,786.00,48.00,162.00,1,1,1
837,84,1108.00,786.00,48.00,162.00,1,1,1
838,84,1108.00,786.00,48.00,162.00,1,1,1
839,84,1108.00,787.00,48.00,161.00,1,1,1
840,84,1108.00,787.00,48.00,161.00,1,1,1
841,84,1108.00,787.50,48.00,161.00,1,1,1
842,84,1108.00,787.00,48.00,162.00,1,1,1
843,84,1108.00,787.00,48.00,161.00,1,1,1
844,84,1108.00,785.00,48.00,162.00,1,1,1
845,84,1108.00,785.00,48.00,163.00,1,1,1
846,84,1108.00,788.00,48.00,160.00,1,1,1
847,84,1108.00,786.00,48.00,162.00,1,1,1
848,84,1108.00,784.00,48.00,164.00,1,1,1
849,84,1108.00,783.50,48.00,165.00,1,1,1
850,84,1108.00,788.00,48.00,160.00,1,1,1
851,84,1108.00,787.00,48.00,162.00,1,1,1
852,84,1108.00,787.00,48.00,162.00,1,1,1
853,84,1108.00,787.00,48.00,162.00,1,1,1
854,84,1108.00,788.50,48.00,160.00,1,1,1
855,84,1108.00,787.00,48.00,162.00,1,1,1
856,84,1108.00,787.00,48.00,161.00,1,1,1
857,84,1108.00,785.50,48.00,163.00,1,1,1
858,84,1108.00,786.00,48.00,162.00,1,1,1
859,84,1108.00,785.50,48.00,163.00,1,1,1
860,84,1108.00,786.00,48.00,162.00,1,1,1
861,84,1108.00,786.50,48.00,162.00,1,1,1
862,84,1108.00,788.00,48.00,160.00,1,1,1
863,84,1108.00,788.00,48.00,160.00,1,1,1
864,84,1108.00,786.00,48.00,162.00,1,1,1
865,84,1108.00,787.00,48.00,161.00,1,1,1
866,84,1108.00,788.00,48.00,160.00,1,1,1
867,84,1108.00,788.00,48.00,160.00,1,1,1
868,84,1108.00,784.50,48.00,163.00,1,1,1
869,84,1108.00,786.00,48.00,162.00,1,1,1
870,84,1110.00,787.50,46.00,160.00,1,1,1
871,84,1110.00,784.50,46.00,163.00,1,1,1
872,84,1110.00,787.50,46.00,160.00,1,1,1
873,84,1110.00,783.50,46.00,164.00,1,1,1
874,84,1110.00,786.00,46.00,162.00,1,1,1
875,84,1110.00,786.00,46.00,162.00,1,1,1
876,84,1110.00,788.00,46.00,160.00,1,1,1
877,84,1110.00,784.00,46.00,164.00,1,1,1
878,84,1110.00,784.00,46.00,164.00,1,1,1
879,84,1110.00,786.00,46.00,162.00,1,1,1
880,84,1110.00,786.00,46.00,162.00,1,1,1
881,84,1110.00,782.00,48.00,166.00,1,1,1
882,84,1110.00,778.00,48.00,170.00,1,1,1
883,84,1109.00,769.00,50.00,178.00,1,1,1
884,84,1108.00,767.00,52.00,182.00,1,1,1
885,84,1108.00,768.00,52.00,180.00,1,1,1
886,84,1108.00,767.50,52.00,181.00,1,1,1
887,84,1108.00,768.00,52.00,180.00,1,1,1
888,84,1108.00,768.00,50.00,178.00,1,1,1
889,84,1108.00,767.00,52.00,178.00,1,1,1
890,84,1108.00,767.00,50.00,176.00,1,1,1
891,84,1108.00,768.00,50.00,174.00,1,1,1
892,84,1108.00,768.00,50.00,176.00,1,1,1
893,84,1109.00,774.50,46.00,169.00,1,1,1
894,84,1110.00,777.00,44.00,166.00,1,1,1
895,84,1110.00,776.50,44.00,164.00,1,1,1
896,84,1110.00,777.00,44.00,166.00,1,1,1
897,84,1110.00,777.00,42.00,166.00,1,1,1
898,84,1108.00,777.00,44.00,164.00,1,1,1
899,84,1110.00,776.50,44.00,165.00,1,1,1
900,84,1108.00,777.00,44.00,164.00,1,1,1
901,84,1110.00,778.00,42.00,163.00,1,1,1
902,84,1110.00,779.00,42.00,162.00,1,1,1
903,84,1110.00,778.00,42.00,162.00,1,1,1
904,84,1110.00,778.00,42.00,162.00,1,1,1
905,84,1110.00,778.00,42.00,161.00,1,1,1
906,84,1110.00,777.50,44.00,161.00,1,1,1
907,84,1111.00,777.00,42.00,162.00,1,1,1
908,84,1111.00,777.00,42.00,162.00,1,1,1
909,84,1111.00,777.50,42.00,161.00,1,1,1
910,84,1111.00,777.00,42.00,161.00,1,1,1
911,84,1111.00,776.50,42.00,161.00,1,1,1
912,84,1111.00,776.50,42.00,161.00,1,1,1
913,84,1111.00,777.00,42.00,160.00,1,1,1
914,84,1111.00,777.00,42.00,160.00,1,1,1
915,84,1111.00,777.00,42.00,160.00,1,1,1
916,84,1111.00,777.00,42.00,160.00,1,1,1
917,84,1112.00,777.00,42.00,160.00,1,1,1
918,84,1112.00,776.50,42.00,160.00,1,1,1
919,84,1112.00,776.00,42.00,160.00,1,1,1
920,84,1112.00,776.50,42.00,160.00,1,1,1
921,84,1112.00,776.00,42.00,160.00,1,1,1
922,84,1112.00,776.00,42.00,160.00,1,1,1
923,84,1112.00,776.00,42.00,160.00,1,1,1
924,84,1112.00,776.00,42.00,160.00,1,1,1
925,84,1112.00,776.00,42.00,160.00,1,1,1
926,84,1112.00,776.00,42.00,160.00,1,1,1
927,84,1112.00,775.00,42.00,161.00,1,1,1
928,84,1112.00,775.00,44.00,161.00,1,1,1
929,84,1112.00,775.00,42.00,161.00,1,1,1
930,84,1112.00,774.00,44.00,162.00,1,1,1
931,84,1113.00,774.00,42.00,162.00,1,1,1
932,84,1113.00,774.00,42.00,162.00,1,1,1
933,84,1112.00,774.00,44.00,162.00,1,1,1
934,84,1112.00,774.00,44.00,162.00,1,1,1
935,84,1114.00,773.00,42.00,162.00,1,1,1
936,84,1114.00,773.00,44.00,162.00,1,1,1
937,84,1114.00,772.00,44.00,163.00,1,1,1
938,84,1114.00,768.00,48.00,167.00,1,1,1
939,84,1114.00,766.50,48.00,169.00,1,1,1
940,84,1114.00,767.00,48.00,169.00,1,1,1
941,84,1114.00,768.00,48.00,168.00,1,1,1
942,84,1116.00,768.00,48.00,169.00,1,1,1
943,84,1115.00,769.00,50.00,169.00,1,1,1
944,84,1116.00,770.00,48.00,168.00,1,1,1
945,84,1116.00,770.00,48.00,168.00,1,1,1
946,84,1116.00,771.00,50.00,167.00,1,1,1
947,84,1118.00,771.00,48.00,168.00,1,1,1
948,84,1117.00,771.00,50.00,168.00,1,1,1
949,84,1118.00,771.00,50.00,168.00,1,1,1
950,84,1118.00,771.00,50.00,168.00,1,1,1
951,84,1119.00,772.00,50.00,166.00,1,1,1
952,84,1120.00,770.00,50.00,168.00,1,1,1
953,84,1122.00,771.50,48.00,166.00,1,1,1
954,84,1123.00,771.00,50.00,168.00,1,1,1
955,84,1124.00,771.00,48.00,168.00,1,1,1
956,84,1124.00,771.00,48.00,168.00,1,1,1
957,84,1125.00,770.50,50.00,169.00,1,1,1
958,84,1124.00,770.00,52.00,170.00,1,1,1
959,84,1126.00,770.00,50.00,169.00,1,1,1
960,84,1126.00,769.50,50.00,170.00,1,1,1
961,84,1126.00,769.00,50.00,170.00,1,1,1
962,84,1127.00,769.00,50.00,170.00,1,1,1
963,84,1128.00,768.00,48.00,170.00,1,1,1
964,84,1128.00,768.00,48.00,168.00,1,1,1
965,84,1128.00,768.00,48.00,168.00,1,1,1
966,84,1128.00,767.00,48.00,171.00,1,1,1
967,84,1128.00,766.50,48.00,173.00,1,1,1
968,84,1128.00,765.00,48.00,172.00,1,1,1
969,84,1128.00,765.00,48.00,170.00,1,1,1
970,84,1127.00,765.00,48.00,170.00,1,1,1
971,84,1126.00,765.00,48.00,170.00,1,1,1
972,84,1126.00,765.00,48.00,170.00,1,1,1
973,84,1126.00,765.00,48.00,170.00,1,1,1
974,84,1126.00,765.00,48.00,169.00,1,1,1
975,84,1126.00,765.00,48.00,168.00,1,1,1
976,84,1126.00,765.00,48.00,168.00,1,1,1
977,84,1126.00,765.00,46.00,168.00,1,1,1
978,84,1125.00,766.00,46.00,168.00,1,1,1
979,84,1126.00,765.00,44.00,168.00,1,1,1
980,84,1124.00,764.50,46.00,166.00,1,1,1
981,84,1122.00,764.00,48.00,162.00,1,1,1
982,84,1122.00,763.50,48.00,160.00,1,1,1
983,84,1122.00,763.00,48.00,158.00,1,1,1
984,84,1120.00,762.00,48.00,160.00,1,1,1
985,84,1119.00,762.00,48.00,160.00,1,1,1
986,84,1118.00,762.00,48.00,159.00,1,1,1
987,84,1118.00,762.00,48.00,158.00,1,1,1
988,84,1115.00,762.00,50.00,157.00,1,1,1
989,84,1114.00,763.00,50.00,156.00,1,1,1
990,84,1114.00,761.00,48.00,158.00,1,1,1
991,84,1112.00,760.50,48.00,158.00,1,1,1
992,84,1112.00,760.00,48.00,157.00,1,1,1
993,84,1112.00,759.00,44.00,156.00,1,1,1
994,84,1112.00,759.00,44.00,156.00,1,1,1
995,84,1112.00,758.50,44.00,155.00,1,1,1
996,84,1111.00,758.00,44.00,155.00,1,1,1
997,84,1110.00,758.00,44.00,156.00,1,1,1
998,84,1110.00,758.00,44.00,154.00,1,1,1
999,84,1110.00,757.50,44.00,155.00,1,1,1
1000,84,1110.00,758.00,44.00,154.00,1,1,1
1001,84,1110.00,759.00,42.00,152.00,1,1,1
1002,84,1110.00,759.00,42.00,152.00,1,1,1
1003,84,1110.00,759.50,42.00,151.00,1,1,1
1004,84,1110.00,759.00,42.00,151.00,1,1,1
1005,84,1110.00,759.00,42.00,150.00,1,1,1
1006,84,1111.00,759.00,42.00,150.00,1,1,1
1007,84,1110.00,759.00,44.00,149.00,1,1,1
1008,84,1110.00,759.00,44.00,148.00,1,1,1
1009,84,1111.00,758.50,44.00,147.00,1,1,1
1010,84,1112.00,759.00,44.00,146.00,1,1,1
1011,84,1113.00,758.00,42.00,146.00,1,1,1
1012,84,1114.00,759.00,40.00,144.00,1,1,1
1013,84,1114.00,759.50,42.00,144.00,1,1,1
1014,84,1116.00,760.00,40.00,143.00,1,1,1
1015,84,1115.00,760.00,40.00,142.00,1,1,1
1016,84,1115.00,760.00,40.00,142.00,1,1,1
1017,84,1115.00,760.00,40.00,142.00,1,1,1
1018,84,1116.00,760.00,40.00,142.00,1,1,1
1019,84,1116.00,759.50,40.00,141.00,1,1,1
1020,84,1116.00,758.00,40.00,140.00,1,1,1
1021,84,1116.00,758.00,40.00,140.00,1,1,1
1022,84,1114.00,759.00,42.00,140.00,1,1,1
1023,84,1116.00,759.00,40.00,140.00,1,1,1
1024,84,1116.00,758.50,40.00,140.00,1,1,1
1025,84,1116.00,758.00,40.00,140.00,1,1,1
1026,84,1115.00,758.00,42.00,140.00,1,1,1
1027,84,1115.00,758.00,42.00,140.00,1,1,1
1028,84,1116.00,757.00,42.00,141.00,1,1,1
1029,84,1116.00,757.00,42.00,140.00,1,1,1
1030,84,1116.00,757.50,40.00,140.00,1,1,1
1031,84,1118.00,758.00,40.00,140.00,1,1,1
1032,84,1118.00,758.50,40.00,139.00,1,1,1
1033,84,1118.00,759.00,40.00,138.00,1,1,1
1034,84,1118.00,759.00,40.00,138.00,1,1,1
1035,84,1120.00,759.00,40.00,137.00,1,1,1
1036,84,1122.00,758.00,40.00,136.00,1,1,1
1037,84,1123.00,757.00,40.00,134.00,1,1,1
1038,84,1124.00,756.00,40.00,135.00,1,1,1
1039,84,1125.00,755.00,40.00,135.00,1,1,1
1040,84,1125.00,755.00,40.00,134.00,1,1,1
1041,84,1125.00,754.00,40.00,134.00,1,1,1
1042,84,1124.00,754.00,40.00,132.00,1,1,1
1043,84,1124.00,754.00,40.00,132.00,1,1,1
1044,84,1124.00,754.00,40.00,132.00,1,1,1
1045,84,1124.00,754.00,40.00,132.00,1,1,1
1046,84,1124.00,754.50,40.00,132.00,1,1,1
1047,84,1124.00,754.00,38.00,132.00,1,1,1
1048,84,1124.00,753.00,38.00,132.00,1,1,1
1049,84,1124.00,752.00,36.00,132.00,1,1,1
1050,84,1124.00,749.50,36.00,132.00,1,1,1
1051,84,1124.00,749.00,36.00,130.00,1,1,1
1052,84,1124.00,748.50,36.00,130.00,1,1,1
1053,84,1123.00,748.00,36.00,129.00,1,1,1
1054,84,1123.00,748.00,36.00,128.00,1,1,1
1055,84,1124.00,747.00,36.00,130.00,1,1,1
1056,84,1124.00,747.00,36.00,129.00,1,1,1
1057,84,1124.00,747.00,36.00,130.00,1,1,1
1058,84,1124.00,747.50,36.00,130.00,1,1,1
1059,84,1123.00,748.00,36.00,130.00,1,1,1
1060,84,1123.00,749.00,36.00,130.00,1,1,1
1061,84,1124.00,749.00,36.00,130.00,1,1,1
1062,84,1124.00,749.00,36.00,131.00,1,1,1
1063,84,1124.00,749.00,36.00,130.00,1,1,1
1064,84,1124.00,747.00,36.00,130.00,1,1,1
1065,84,1124.00,746.00,36.00,130.00,1,1,1
1066,84,1124.00,746.00,36.00,129.00,1,1,1
1067,84,1123.00,746.00,36.00,129.00,1,1,1
1068,84,1123.00,746.00,36.00,127.00,1,1,1
1069,84,1124.00,745.50,36.00,126.00,1,1,1
1070,84,1124.00,745.50,36.00,127.00,1,1,1
1071,84,1122.00,747.00,36.00,126.00,1,1,1
1072,84,1122.00,747.00,36.00,126.00,1,1,1
1073,84,1122.00,747.00,34.00,124.00,1,1,1
1074,84,1122.00,745.50,34.00,125.00,1,1,1
1075,84,1124.00,745.00,32.00,120.00,1,1,1
1076,84,1124.00,744.00,32.00,120.00,1,1,1
1077,84,1124.00,743.50,32.00,120.00,1,1,1
1078,84,1122.00,742.50,32.00,119.00,1,1,1
1079,84,1122.00,742.00,32.00,118.00,1,1,1
1080,84,1122.00,742.00,32.00,120.00,1,1,1
1081,84,1122.00,741.00,32.00,120.00,1,1,1
1082,84,1122.00,741.00,32.00,120.00,1,1,1
1083,84,1122.00,742.00,32.00,119.00,1,1,1
1084,84,1122.00,743.00,32.00,118.00,1,1,1
1085,84,1122.00,743.00,32.00,118.00,1,1,1
1086,84,1121.00,743.00,34.00,118.00,1,1,1
1087,84,1122.00,744.00,32.00,116.00,1,1,1
1088,84,1124.00,742.50,32.00,116.00,1,1,1
1089,84,1124.00,742.00,32.00,116.00,1,1,1
1090,84,1124.00,743.00,32.00,114.00,1,1,1
1091,84,1123.00,741.50,34.00,115.00,1,1,1
1092,84,1124.00,741.50,32.00,114.00,1,1,1
1093,84,1124.00,742.00,34.00,115.00,1,1,1
1094,84,1124.00,743.00,32.00,114.00,1,1,1
1095,84,1124.00,743.00,32.00,114.00,1,1,1
1096,84,1124.00,743.00,32.00,114.00,1,1,1
1097,84,1124.00,743.00,32.00,112.00,1,1,1
1098,84,1124.00,744.00,32.00,112.00,1,1,1
1099,84,1123.00,743.50,32.00,112.00,1,1,1
1100,84,1123.00,743.50,32.00,113.00,1,1,1
1101,84,1123.00,743.00,32.00,110.00,1,1,1
1102,84,1122.00,742.00,32.00,112.00,1,1,1
1103,84,1122.00,742.00,32.00,111.00,1,1,1
1104,84,1123.00,742.00,32.00,110.00,1,1,1
1105,84,1124.00,742.00,32.00,110.00,1,1,1
1106,84,1123.00,741.50,32.00,111.00,1,1,1
1107,84,1123.00,741.00,32.00,110.00,1,1,1
1108,84,1123.00,742.00,32.00,108.00,1,1,1
1109,84,1122.00,742.00,32.00,108.00,1,1,1
1110,84,1122.00,742.50,32.00,108.00,1,1,1
1111,84,1122.00,740.00,32.00,112.00,1,1,1
1112,84,1122.00,739.00,32.00,112.00,1,1,1
1113,84,1122.00,739.00,32.00,112.00,1,1,1
1114,84,1121.00,739.00,32.00,110.00,1,1,1
1115,84,1122.00,738.00,32.00,110.00,1,1,1
1116,84,1120.00,737.50,32.00,110.00,1,1,1
1117,84,1120.00,737.50,32.00,111.00,1,1,1
1118,84,1119.00,738.00,32.00,110.00,1,1,1
1119,84,1119.00,738.00,32.00,110.00,1,1,1
1120,84,1118.00,737.00,32.00,110.00,1,1,1
1121,84,1117.00,738.00,32.00,108.00,1,1,1
1122,84,1116.00,737.00,32.00,109.00,1,1,1
1123,84,1116.00,736.00,32.00,110.00,1,1,1
1124,84,1116.00,736.00,32.00,110.00,1,1,1
1125,84,1115.00,736.00,32.00,108.00,1,1,1
1126,84,1115.00,736.00,32.00,108.00,1,1,1
1127,84,1115.00,736.00,32.00,109.00,1,1,1
1128,84,1115.00,736.00,32.00,110.00,1,1,1
1129,84,1115.00,736.00,32.00,110.00,1,1,1
1130,84,1114.00,736.00,32.00,108.00,1,1,1
1131,84,1114.00,735.50,32.00,108.00,1,1,1
1132,84,1114.00,736.00,32.00,108.00,1,1,1
1133,84,1114.00,736.00,32.00,107.00,1,1,1
1134,84,1114.00,736.00,32.00,108.00,1,1,1
1135,84,1114.00,736.00,32.00,108.00,1,1,1
1136,84,1114.00,736.00,32.00,106.00,1,1,1
1137,84,1114.00,735.50,32.00,106.00,1,1,1
1138,84,1112.00,735.50,32.00,103.00,1,1,1
1139,84,1112.00,736.00,32.00,102.00,1,1,1
1140,84,1112.00,735.00,32.00,102.00,1,1,1
1141,84,1110.00,736.00,32.00,100.00,1,1,1
1142,84,1110.00,737.00,32.00,100.00,1,1,1
1143,84,1108.00,737.00,32.00,100.00,1,1,1
1144,84,1106.00,738.50,32.00,97.00,1,1,1
1145,84,1106.00,737.00,32.00,98.00,1,1,1
1146,84,1106.00,736.00,32.00,98.00,1,1,1
1147,84,1104.00,734.50,32.00,98.00,1,1,1
1148,84,1104.00,734.50,32.00,97.00,1,1,1
1149,84,1104.00,733.00,32.00,98.00,1,1,1
1150,84,1103.00,733.00,32.00,96.00,1,1,1
1151,84,1102.00,733.00,32.00,95.00,1,1,1
1152,84,1104.00,733.00,30.00,94.00,1,1,1
1153,84,1102.00,733.00,32.00,94.00,1,1,1
1154,84,1104.00,732.00,30.00,95.00,1,1,1
1155,84,1103.00,733.00,30.00,94.00,1,1,1
1156,84,1103.00,733.00,30.00,92.00,1,1,1
1157,84,1103.00,732.50,30.00,93.00,1,1,1
1158,84,1102.00,732.00,30.00,95.00,1,1,1
1159,84,1102.00,730.00,30.00,96.00,1,1,1
1160,84,1102.00,731.00,30.00,94.00,1,1,1
1161,84,1102.00,730.00,30.00,94.00,1,1,1
1162,84,1102.00,729.50,30.00,95.00,1,1,1
1163,84,1102.00,728.00,30.00,96.00,1,1,1
1164,84,1102.00,728.00,30.00,96.00,1,1,1
1165,84,1102.00,728.50,28.00,96.00,1,1,1
1166,84,1102.00,728.00,28.00,97.00,1,1,1
1167,84,1101.00,728.00,28.00,97.00,1,1,1
1168,84,1101.00,727.00,28.00,97.00,1,1,1
1169,84,1101.00,727.00,28.00,96.00,1,1,1
1170,84,1101.00,727.00,28.00,96.00,1,1,1
1171,84,1101.00,726.00,28.00,97.00,1,1,1
1172,84,1100.00,726.00,28.00,97.00,1,1,1
1173,84,1100.00,724.00,28.00,99.00,1,1,1
1174,84,1100.00,724.00,28.00,98.00,1,1,1
1175,84,1100.00,723.50,28.00,99.00,1,1,1
1176,84,1100.00,723.50,28.00,100.00,1,1,1
1177,84,1100.00,724.00,28.00,103.00,1,1,1
1178,84,1100.00,724.00,28.00,106.00,1,1,1
1179,84,1099.00,724.50,28.00,106.00,1,1,1
1180,84,1100.00,724.00,28.00,105.00,1,1,1
1181,84,1100.00,724.00,28.00,104.00,1,1,1
1182,84,1100.00,725.50,28.00,98.00,1,1,1
1183,84,1100.00,724.00,28.00,100.00,1,1,1
1184,84,1100.00,724.00,28.00,99.00,1,1,1
1185,84,1100.00,723.50,28.00,100.00,1,1,1
1186,84,1100.00,722.00,28.00,100.00,1,1,1
1187,84,1100.00,722.50,28.00,98.00,1,1,1
1188,84,1101.00,722.00,28.00,102.00,1,1,1
1189,84,1102.00,720.50,28.00,105.00,1,1,1
1190,84,1102.00,720.00,28.00,107.00,1,1,1
1191,84,1100.00,720.00,28.00,110.00,1,1,1
1192,84,1100.00,720.00,28.00,109.00,1,1,1
1193,84,1100.00,721.00,28.00,108.00,1,1,1
1194,84,1100.00,722.00,28.00,106.00,1,1,1
1195,84,1100.00,729.00,26.00,95.00,1,1,1
1196,84,1100.00,732.00,24.00,92.00,1,1,1
1197,84,1098.00,732.50,28.00,93.00,1,1,1
1198,84,1099.00,730.00,26.00,95.00,1,1,1
1199,84,1098.00,730.00,28.00,95.00,1,1,1
1200,84,1098.00,729.50,28.00,93.00,1,1,1
1201,84,1099.00,729.00,26.00,94.00,1,1,1
1202,84,1098.00,728.50,28.00,96.00,1,1,1
1203,84,1098.00,725.00,28.00,100.00,1,1,1
1204,84,1099.00,724.00,28.00,102.00,1,1,1
1205,84,1099.00,722.00,28.00,104.00,1,1,1
1206,84,1100.00,722.50,28.00,103.00,1,1,1
1207,84,1100.00,723.00,28.00,103.00,1,1,1
1208,84,1100.00,723.00,28.00,102.00,1,1,1
1209,84,1100.00,723.00,28.00,102.00,1,1,1
1210,84,1100.00,723.50,28.00,99.00,1,1,1
1211,84,1100.00,722.50,28.00,100.00,1,1,1
1212,84,1101.00,722.00,28.00,100.00,1,1,1
1213,84,1101.00,721.50,28.00,100.00,1,1,1
1214,84,1101.00,722.00,28.00,99.00,1,1,1
1215,84,1101.00,721.00,28.00,100.00,1,1,1
1216,84,1101.00,721.00,28.00,100.00,1,1,1
1217,84,1101.00,720.50,28.00,101.00,1,1,1
1218,84,1102.00,720.00,28.00,102.00,1,1,1
1219,84,1101.00,720.50,28.00,102.00,1,1,1
1220,84,1101.00,721.00,28.00,102.00,1,1,1
1221,84,1100.00,721.00,28.00,102.00,1,1,1
1222,84,1100.00,720.50,28.00,101.00,1,1,1
1223,84,1100.00,720.00,28.00,100.00,1,1,1
1224,84,1100.00,721.00,28.00,98.00,1,1,1
1225,84,1100.00,720.00,28.00,99.00,1,1,1
1226,84,1099.00,721.00,28.00,98.00,1,1,1
1227,84,1099.00,721.00,28.00,98.00,1,1,1
1228,84,1099.00,721.00,28.00,100.00,1,1,1
1229,84,1099.00,722.00,28.00,98.00,1,1,1
1230,84,1099.00,723.50,28.00,95.00,1,1,1
1231,84,1099.00,725.00,28.00,96.00,1,1,1
1232,84,1099.00,726.50,28.00,95.00,1,1,1
1233,84,1098.00,727.00,28.00,95.00,1,1,1
1234,84,1098.00,727.00,28.00,94.00,1,1,1
1235,84,1098.00,726.00,28.00,95.00,1,1,1
1236,84,1098.00,726.00,28.00,94.00,1,1,1
1237,84,1098.00,726.00,28.00,94.00,1,1,1
1238,84,1098.00,726.00,28.00,94.00,1,1,1
1239,84,1098.00,726.00,28.00,94.00,1,1,1
1240,84,1099.00,727.50,26.00,91.00,1,1,1
1241,84,1099.00,727.00,26.00,91.00,1,1,1
1242,84,1099.00,727.00,26.00,90.00,1,1,1
1243,84,1098.00,727.50,28.00,90.00,1,1,1
1244,84,1098.00,727.50,28.00,91.00,1,1,1
1245,84,1098.00,727.50,28.00,91.00,1,1,1
1246,84,1097.00,727.00,28.00,92.00,1,1,1
1247,84,1097.00,727.00,28.00,92.00,1,1,1
1248,84,1096.00,728.00,28.00,89.00,1,1,1
1249,84,1096.00,727.00,28.00,90.00,1,1,1
1250,84,1096.00,727.50,28.00,89.00,1,1,1
1251,84,1095.00,725.00,26.00,90.00,1,1,1
1252,84,1095.00,725.00,26.00,90.00,1,1,1
1253,84,1094.00,725.00,26.00,91.00,1,1,1
1254,84,1094.00,725.00,26.00,90.00,1,1,1
1255,84,1094.00,724.50,24.00,87.00,1,1,1
1256,84,1094.00,725.00,24.00,84.00,1,1,1
1257,84,1094.00,725.00,24.00,82.00,1,1,1
1258,84,1094.00,724.50,24.00,82.00,1,1,1
1259,84,1094.00,725.00,24.00,83.00,1,1,1
1260,84,1092.00,725.00,24.00,82.00,1,1,1
1261,84,1092.00,727.00,22.00,80.00,1,1,1
1262,84,1091.00,726.00,22.00,78.00,1,1,1
1263,84,1091.00,725.00,22.00,78.00,1,1,1
1264,84,1091.00,725.00,22.00,78.00,1,1,1
1265,84,1090.00,726.00,22.00,76.00,1,1,1
1266,84,1090.00,726.00,22.00,76.00,1,1,1
1267,84,1090.00,726.00,22.00,76.00,1,1,1
1268,84,1089.00,726.00,22.00,76.00,1,1,1
1269,84,1090.00,726.00,20.00,74.00,1,1,1
1270,84,1089.00,725.50,22.00,75.00,1,1,1
1271,84,1088.00,725.00,22.00,76.00,1,1,1
1272,84,1088.00,725.00,22.00,76.00,1,1,1
1273,84,1088.00,725.00,22.00,80.00,1,1,1
1274,84,1088.00,725.00,22.00,82.00,1,1,1
1275,84,1088.00,726.00,20.00,76.00,1,1,1
1276,84,1087.00,726.00,22.00,74.00,1,1,1
1277,84,1086.00,726.00,22.00,75.00,1,1,1
1278,84,1086.00,726.00,22.00,75.00,1,1,1
1279,84,1085.00,726.00,22.00,74.00,1,1,1
1280,84,1085.00,725.50,22.00,75.00,1,1,1
1281,84,1084.00,725.50,24.00,75.00,1,1,1
1282,84,1084.00,725.00,24.00,77.00,1,1,1
1283,84,1084.00,725.00,22.00,78.00,1,1,1
1284,84,1083.00,726.00,22.00,74.00,1,1,1
1285,84,1083.00,726.00,22.00,74.00,1,1,1
1286,84,1083.00,728.00,22.00,72.00,1,1,1
1287,84,1083.00,727.00,22.00,72.00,1,1,1
1288,84,1084.00,728.00,20.00,70.00,1,1,1
1289,84,1084.00,728.00,20.00,72.00,1,1,1
1290,84,1082.00,728.00,22.00,74.00,1,1,1
1291,84,1082.00,728.00,22.00,74.00,1,1,1
1292,84,1082.00,728.50,22.00,73.00,1,1,1
1293,84,1082.00,728.00,20.00,70.00,1,1,1
1294,84,1081.00,727.00,22.00,69.00,1,1,1
1295,84,1081.00,727.00,22.00,69.00,1,1,1
1296,84,1082.00,727.00,20.00,69.00,1,1,1
1297,84,1082.00,727.00,20.00,69.00,1,1,1
1298,84,1081.00,728.00,22.00,70.00,1,1,1
1299,84,1081.00,725.00,22.00,72.00,1,1,1
1300,84,1082.00,725.00,20.00,72.00,1,1,1
1301,84,1080.00,726.00,22.00,72.00,1,1,1
1302,84,1080.00,726.00,22.00,72.00,1,1,1
1303,84,1080.00,726.50,22.00,72.00,1,1,1
1304,84,1078.00,726.00,24.00,72.00,1,1,1
1305,84,1079.00,726.50,22.00,71.00,1,1,1
1306,84,1078.00,726.00,22.00,70.00,1,1,1
1307,84,1080.00,725.50,20.00,70.00,1,1,1
1308,84,1078.00,726.00,22.00,70.00,1,1,1
1309,84,1078.00,726.00,22.00,70.00,1,1,1
1310,84,1080.00,725.50,20.00,70.00,1,1,1
1311,84,1080.00,725.50,20.00,71.00,1,1,1
1312,84,1080.00,726.00,20.00,70.00,1,1,1
1313,84,1080.00,725.00,20.00,70.00,1,1,1
1314,84,1079.00,725.00,22.00,71.00,1,1,1
1315,84,1080.00,725.00,20.00,70.00,1,1,1
1316,84,1080.00,724.50,20.00,71.00,1,1,1
1317,84,1081.00,724.00,20.00,70.00,1,1,1
1318,84,1082.00,724.00,20.00,68.00,1,1,1
1319,84,1082.00,723.00,20.00,70.00,1,1,1
1320,84,1082.00,723.00,20.00,70.00,1,1,1
1321,84,1082.00,722.00,20.00,72.00,1,1,1
1322,84,1082.00,722.00,20.00,72.00,1,1,1
1323,84,1082.00,721.00,20.00,74.00,1,1,1
1324,84,1082.00,721.50,20.00,74.00,1,1,1
1325,84,1082.00,721.00,20.00,75.00,1,1,1
1326,84,1082.00,721.00,20.00,76.00,1,1,1
1327,84,1082.00,720.50,20.00,76.00,1,1,1
1328,84,1082.00,721.00,20.00,76.00,1,1,1
1329,84,1082.00,721.00,20.00,74.00,1,1,1
1330,84,1082.00,720.50,20.00,77.00,1,1,1
1331,84,1082.00,722.00,20.00,74.00,1,1,1
1332,84,1082.00,720.50,20.00,77.00,1,1,1
1333,84,1080.00,721.00,22.00,75.00,1,1,1
1334,84,1082.00,721.50,20.00,73.00,1,1,1
1335,84,1080.00,721.00,24.00,78.00,1,1,1
1336,84,1080.00,721.00,22.00,74.00,1,1,1
1337,84,1080.00,721.00,22.00,74.00,1,1,1
1338,84,1080.00,721.00,22.00,76.00,1,1,1
1339,84,1080.00,721.00,24.00,75.00,1,1,1
1340,84,1080.00,721.50,24.00,74.00,1,1,1
1341,84,1080.00,721.00,24.00,74.00,1,1,1
1342,84,1078.00,721.00,24.00,74.00,1,1,1
1343,84,1080.00,721.00,22.00,74.00,1,1,1
1344,84,1078.00,721.00,24.00,74.00,1,1,1
1345,84,1078.00,721.00,24.00,75.00,1,1,1
1346,84,1079.00,721.00,22.00,73.00,1,1,1
1347,84,1078.00,720.00,24.00,74.00,1,1,1
1348,84,1079.00,720.50,22.00,73.00,1,1,1
1349,84,1079.00,721.50,22.00,71.00,1,1,1
1350,84,1078.00,722.50,22.00,71.00,1,1,1
1351,84,1078.00,722.00,20.00,68.00,1,1,1
1352,84,1078.00,722.50,20.00,67.00,1,1,1
1353,84,1078.00,722.50,20.00,67.00,1,1,1
1354,84,1078.00,723.00,20.00,66.00,1,1,1
1355,84,1076.00,723.00,20.00,67.00,1,1,1
1356,84,1075.00,723.00,20.00,66.00,1,1,1
1357,84,1075.00,722.00,20.00,68.00,1,1,1
1358,84,1074.00,722.00,20.00,66.00,1,1,1
1359,84,1074.00,722.00,20.00,65.00,1,1,1
1360,84,1074.00,721.00,20.00,66.00,1,1,1
1361,84,1074.00,721.50,20.00,66.00,1,1,1
1362,84,1073.00,722.00,20.00,64.00,1,1,1
1363,84,1073.00,722.00,20.00,64.00,1,1,1
1364,84,1073.00,722.00,20.00,64.00,1,1,1
1365,84,1072.00,722.00,20.00,62.00,1,1,1
1366,84,1072.00,723.00,20.00,60.00,1,1,1
1367,84,1072.00,722.50,20.00,60.00,1,1,1
1368,84,1072.00,722.00,20.00,60.00,1,1,1
1369,84,1071.00,723.00,20.00,60.00,1,1,1
1370,84,1071.00,722.00,20.00,62.00,1,1,1
1371,84,1071.00,723.00,20.00,60.00,1,1,1
1372,84,1071.00,722.00,20.00,60.00,1,1,1
1373,84,1071.00,723.00,20.00,59.00,1,1,1
1374,84,1071.00,723.00,20.00,60.00,1,1,1
1375,84,1070.00,723.00,20.00,60.00,1,1,1
1376,84,1070.00,723.00,20.00,60.00,1,1,1
1377,84,1070.00,721.50,20.00,62.00,1,1,1
1378,84,1070.00,721.50,20.00,62.00,1,1,1
1379,84,1070.00,721.50,20.00,62.00,1,1,1
1380,84,1070.00,721.50,20.00,60.00,1,1,1
1381,84,1070.00,721.00,20.00,60.00,1,1,1
1382,84,1070.00,721.00,20.00,60.00,1,1,1
1383,84,1070.00,721.50,20.00,59.00,1,1,1
1384,84,1070.00,722.00,20.00,59.00,1,1,1
1385,84,1069.00,722.00,20.00,59.00,1,1,1
1386,84,1069.00,723.00,20.00,58.00,1,1,1
