method         |   HOTA   MOTA   IDF1  IDSW     FP     FN |   Rcv heavy total IDRcv HPrec    F1 IDoff  Surv
-----------------------------------------------------------------------------------------------------------
glt_g90        |  57.42  57.78  71.29    17   4816   2138 |  71.5  70.1  73.2  65.2  74.0  72.7  11.9  46.7
abl_nogcdt_rcv |  57.21  59.02  71.02    19   4573   2173 |  72.0  70.1  74.1  65.6  74.5  73.2  11.9  46.7
abl_noband_rcv |  56.78  58.95  70.22    11   3900   2866 |  68.6  68.0  69.7  65.1  73.8  71.1  11.9  46.7
abl_nopersist_rcv|  59.37  72.69  75.25    16    973   3520 |   0.6   0.0   0.0   0.6 100.0   1.2  99.4   0.0
oc_naivecoast  |  49.62  26.74  59.06    51  10289   1756 |  73.1  68.7  72.1  60.2  80.3  76.5  24.9  66.7
bt_naivecoast  |  56.35  55.89  70.66    21   5121   2140 |  73.5  66.7  75.8  69.9  81.3  77.2  14.0  73.3
glt_g12        |  60.09  71.62  75.14    15   1921   2749 |  35.6  40.1  29.9  33.9  94.1  51.7  64.0   0.0
aoe_a80        |  61.19  68.39  75.42    20   2794   2405 |  71.5  70.1  73.2  67.1  79.6  75.4  15.8  50.0
